episode,stage,n_ev,cost_eur,energy_drawn_kwh,energy_delivered_kwh,energy_requested_kwh,service_quality,unmet_kwh,cost_per_kwh,retail_price_paid,min_voltage_pu,violation_rate_pct,q_activation_pct,q_kvarh,curtailed_kwh,q_exhausted_any,peak_ev_kw,peak_feeder_mw,pf_solves,day,noise,w_retail,wall_s
0,0,60,186.76575387500316,2226.41066863074,2115.090135199195,2132.1436021879185,0.9920017268202649,17.053466988723386,0.08830155782340401,0.21404094611511146,0.9751576187220499,0.0,0.0,0.0,0.0,False,493.1906937563734,2.5698865537380797,1440,2023-10-05,0.3,0.0,0.356
1,0,60,200.81771423058788,2016.0570302932165,1915.2541787785658,1930.5687369686639,0.9920673333734055,15.314558190097928,0.10485173010229763,0.18710792952439972,0.9686946749502318,0.0,0.0,0.0,0.0,False,377.11803558638184,2.8759690974373395,1440,2023-09-06,0.2985,-0.031592128759000755,0.34
2,0,60,206.75568455061497,2016.8391912414777,1915.9972316794099,1940.5458196274674,0.9873496478672324,24.548587948057204,0.10791022091894646,0.23283414823282575,0.9670755882582688,0.0,0.0,0.0,0.0,False,433.9971947300645,2.916879959742352,1440,2023-06-29,0.2970075,0.0030314082571444682,2.26
3,0,60,229.32209584969976,2264.2608713544737,2151.047827786743,2174.0394456362487,0.9894244707033008,22.99161784950612,0.10660948254491114,0.2525734494632563,0.9734483953823264,0.0,0.0,0.0,0.0,False,259.39622811608047,2.6556477611324345,1440,2023-06-17,0.29552246249999997,-0.0715091507001179,2.639
4,0,60,207.64783544515473,2193.5864805209026,2083.907156494866,2099.5538083798997,0.9925476299666226,15.646651885033862,0.09964351569021847,0.21224404956698073,0.9988697277380488,0.0,0.0,0.0,0.0,False,400.7250795214276,1.4285600995286798,1440,2023-04-25,0.2940448501875,-0.1771967330460379,2.73
5,0,60,202.10707303761723,2025.220941320022,1923.9598942540324,1948.734733939736,0.9872867049300155,24.77483968570396,0.1050474459687109,0.2171125967409789,0.9956214943918328,0.0,0.0,0.0,0.0,False,537.7407155519268,1.4622761560893203,1440,2023-03-27,0.29257462593656247,-0.17363432162931658,2.724
6,0,60,298.07535202272055,2318.8656389019875,2202.922356956881,2224.182466547462,0.9904413824358652,21.26010959058119,0.13530905938713253,0.22664278895786866,1.0079288535331943,0.0,0.0,0.0,0.0,False,488.4414310794326,0.9879121005589457,1440,2023-04-05,0.2911117528068797,-0.1823508261157845,2.672
7,0,60,217.612450554409,2128.3203502607707,2021.904332747723,2043.360755662356,0.9894994445522284,21.456422914632977,0.10762747130507334,0.21803982094798174,0.9616895257003178,0.0,0.0,0.0,0.0,False,371.1289574616714,3.168534991324728,1440,2023-06-22,0.28965619404284526,-0.2116225920300097,2.637
8,0,60,48.440026717862246,2291.478531059342,2176.904604506359,2184.695607576476,0.9964338267339863,7.791003070117011,0.02225179119819384,0.1674255227540694,1.007862005063873,0.0,0.0,0.0,0.0,False,529.3817358543583,0.9795742335646445,1440,2023-04-10,0.28820791307263105,-0.21701546618703774,2.587
9,0,60,284.9334079005151,2096.545900944852,1991.7186058975976,1997.5175868352887,0.9970969061920107,5.798980937691404,0.14305906821215117,0.1542585064219617,1.0067011354092863,0.0,0.0,0.0,0.0,False,349.9846799325668,1.117757401176123,1440,2023-01-27,0.28676687350726787,-0.10834958562375649,2.851
10,0,60,236.3157384891319,2342.4993222588014,2225.374356145857,2243.798295539151,0.9917889502679799,18.42393939329409,0.10619145396211402,0.1766127544985894,1.002278975481669,0.0,0.0,0.0,0.0,False,313.1729051456169,1.3012289732453408,1440,2023-12-02,0.28533303913973157,0.009837629436407355,2.649
11,0,60,221.74107379737896,2216.694915780978,2105.860169991917,2114.4716346695895,0.9959273680779273,8.611464677672611,0.10529714980944348,0.17401774921629803,0.9582667931996727,0.0,0.0,0.0,0.0,False,438.62109174472823,3.363815407283324,1440,2023-06-26,0.2839063739440329,0.056377417991028037,2.699
12,0,60,214.02274936994502,2176.3200923441395,2067.5040877269216,2084.8852512924377,0.9916632517042646,17.381163565515738,0.10351744919897513,0.212117100161993,0.9761975490666038,0.0,0.0,0.0,0.0,False,414.8078223466873,2.521838900454361,1440,2023-09-08,0.2824868420743127,0.1006173729949507,2.588
13,0,60,154.43354420509814,2061.3340922625002,1958.2673876493695,1973.6321747827199,0.9922149692685053,15.364787133349825,0.07886233778854601,0.1314321997693235,0.9729061060041125,0.0,0.0,0.0,0.0,False,416.53335652069063,2.678133144037428,1440,2023-06-09,0.28107440786394117,0.05158490990946025,2.692
14,0,60,256.3714254204976,2263.2180996673233,2150.0571946839455,2157.018784139889,0.9967725874678837,6.961589455942965,0.11923935142487395,0.15635079879012764,0.9569340631952916,0.0,0.0,0.0,0.0,False,480.7579034093769,3.407451248481796,1440,2023-08-23,0.27966903582462144,0.19329411031647462,2.601
15,0,60,247.35248259342538,1944.2617048630955,1847.048619619943,1861.5702966041813,0.9921992325453795,14.521676984238054,0.1339176889909491,0.18914223555891985,1.0042430680348788,0.0,0.0,0.0,0.0,False,464.71213563029073,1.1171567612839444,1440,2023-01-28,0.27827069064549836,0.2540230128568106,2.606
16,0,60,176.00933441961166,2273.347748460532,2159.680361037503,2175.129002283076,0.9928975976922025,15.448641245572658,0.08149786310741713,0.1713105149506283,0.9587234509753058,0.0,0.0,0.0,0.0,False,506.43726838627754,3.238677627527405,1440,2023-05-16,0.2768793371922708,0.23100786221979058,2.817
17,0,60,229.93563285797137,2207.0762945839006,2096.7224798547027,2105.899289765339,0.9956423320169034,9.176809910636582,0.10966431421763805,0.19043457765316468,1.0043624361867607,0.0,0.0,0.0,0.0,False,467.4380961088297,1.19441330041684,1440,2023-04-15,0.27549494050630946,0.25326000130088455,2.674
18,0,60,227.03542042880204,1827.543194765177,1736.166035026914,1753.8535608597717,0.9899150497923059,17.687525832857872,0.13076826515920326,0.19055408480458294,0.9948436502393132,0.0,0.0,0.0,0.0,False,499.6386115653466,1.5999016826379273,1440,2023-01-02,0.27411746580377794,0.2294670457375214,2.65
19,1,60,280.51182591694555,2127.0486282834336,2020.6961968692754,2035.4647949131424,0.9927443608551838,14.768598043867074,0.138819396182143,0.16861190700752646,1.0067023188719124,0.0,0.0,0.0,0.0,False,458.6898595690727,1.0542332001557135,1440,2023-01-21,0.27274687847475904,0.21064206131348162,2.667
20,1,120,247.33702526903434,4171.768973449263,3963.180524776797,3994.747774576146,0.992097811531368,31.567249799348332,0.062408720400886644,0.20903573179997184,0.9985267266719009,0.0,0.0,0.0,0.0,False,892.8775862857636,1.2730353239973011,1440,2023-12-18,0.27138314408238523,0.2454242695773977,2.673
21,1,120,381.5472891677861,4224.989714798003,4013.7402290580853,4054.583305643858,0.9899266895000233,40.84307658577296,0.09506028477017926,0.18771900183446202,0.9951894677062341,0.0,0.0,0.0,0.0,False,800.1118611944314,1.4580032219457673,1440,2023-01-15,0.2700262283619733,0.1838658350551522,2.604
22,1,120,475.4142093860313,4258.715114823289,4045.7793590821093,4091.6824692853384,0.9887813605899759,45.90311020322933,0.11750868428324066,0.20456442810808217,0.9850127766557257,0.0,0.0,0.0,0.0,False,765.8234433050094,2.109567229403771,1440,2023-06-20,0.26867609722016345,0.18212994326975424,2.715
23,1,120,140.8218374329909,4307.044150142561,4091.6919426354384,4139.232567592127,0.9885146282117836,47.540624956689314,0.03441652974057677,0.19857435279779787,0.9597937799582724,0.0,0.0,0.0,0.0,False,780.2526534795761,3.257122303146669,1440,2023-07-14,0.2673327167340626,0.14345307063406743,2.887
24,1,120,374.0837357929831,4209.126930154981,3998.670583647229,4028.348269522436,0.9926327904417446,29.677685875207796,0.09355202634666081,0.18419551206462859,0.9952434592682038,0.0,0.0,0.0,0.0,False,987.7284498248091,1.3769751854030647,1440,2023-01-31,0.2659960531503923,0.12576102056825358,2.793
25,1,120,-18.554537956592238,3876.25649555992,3682.4436707819254,3725.1072471380985,0.9885470206558615,42.663576356172754,-0.005038648141127544,0.2332216445583199,1.005040384049204,0.0,0.0,0.0,0.0,False,634.2629690766335,1.0703410298384828,1440,2023-12-24,0.26466607288464034,0.14403105452534348,2.849
26,1,120,253.38573521900506,4057.039613326568,3854.187632660241,3893.453470443246,0.9899149076568945,39.26583778300454,0.06574296826439478,0.1890054464022307,0.9881564758726731,0.0,0.0,0.0,0.0,False,1031.6616086465865,1.732193803910148,1440,2023-04-01,0.26334274252021717,0.04912850797697852,2.888
27,1,120,30.20514894031246,3966.575529516551,3768.2467530407166,3806.083475423784,0.9900588826736506,37.83672238306784,0.008015703567166608,0.21096238265999157,0.9668205746204886,0.0,0.0,0.0,0.0,False,484.6313598752022,2.9682565808623678,1440,2023-07-15,0.26202602880761605,0.07103183436157127,2.887
28,1,120,380.24082193453495,4157.144238176967,3949.287026268125,3983.1313489245213,0.9915030864685056,33.84432265639641,0.09628087789148189,0.20181645018387215,0.9812662994922179,0.0,0.0,0.0,0.0,False,1053.8592488112515,2.2915754637612387,1440,2023-05-09,0.260715898663578,0.03970111656917197,2.905
29,1,120,401.40706850216014,4429.9234612879345,4208.427288223547,4238.339020226537,0.9929425815489882,29.911732002989492,0.09538172837758623,0.19108755842271455,0.9941043667686621,0.0,0.0,0.0,0.0,False,864.4440238999342,1.6965704724616038,1440,2023-03-26,0.2594123191702601,0.03466677127352164,3.003
30,1,120,429.00877673009484,4571.457396320463,4342.884526504461,4378.368047816644,0.991895719837925,35.483521312182404,0.09878429281549403,0.21470822160385467,0.9892724033159392,0.0,0.0,0.0,0.0,False,1094.1652455329895,1.8027603472800338,1440,2023-11-15,0.2581152575744088,0.05468847899041236,2.705
31,1,120,395.689010057933,4063.0513499700664,3859.8987824715687,3932.930659713862,0.981430672554088,73.03187724229366,0.10251279433927683,0.27664855541912986,0.9539453209907378,0.0,0.0,0.0,0.0,False,912.0567043651793,3.4839391799261774,1440,2023-08-27,0.25682468128653674,0.01800497508522396,2.816
32,1,120,534.3436912614063,4040.2143165356847,3838.2036007089155,3885.9863565679925,0.9877038281983889,47.7827558590775,0.13921713042078152,0.20580643807942056,0.9947220364561097,0.0,0.0,0.0,0.0,False,916.0114856109433,1.2979010846287018,1440,2023-01-21,0.25554055788010405,-0.1514429902034887,2.796
33,1,120,503.0690044717398,4179.137762653844,3970.1808745211374,4017.0472396472737,0.9883331306976983,46.86636512613629,0.12671186033367243,0.2423025304427386,0.9697230183332266,0.0,0.0,0.0,0.0,False,834.8276558471496,2.8199847210080464,1440,2023-09-25,0.25426285509070357,-0.13143902619106937,2.89
34,1,120,50.798253773546335,4180.707596736492,3971.6722168996653,4015.9343632337127,0.9889783690840986,44.26214633404773,0.012790142539305537,0.21838517333484844,0.9970512807546942,0.0,0.0,0.0,0.0,False,778.7562385701207,1.519354936807015,1440,2023-12-30,0.25299154081525005,-0.19784238470257057,2.826
35,1,120,364.8382878578376,3840.397705469035,3648.3778201955683,3711.9369009252346,0.982877111754291,63.55908072966617,0.10000013864744982,0.25375337631871775,0.9510187433807681,0.0,0.1388888888888889,0.8496229137322768,0.0,False,398.3293197394024,3.6402215500255592,1444,2023-09-02,0.25172658311117374,-0.1992661445411556,2.82
36,1,120,431.90250310859307,4489.21561328877,4264.754832624338,4320.1074752299355,0.9871872070491368,55.35264260559634,0.1012725279785473,0.23911593061886616,0.993271110303849,0.0,0.0,0.0,0.0,False,802.2437333674757,1.7104174913675,1440,2023-09-29,0.2504679501956179,-0.2809028677924719,2.661
37,1,120,497.12097663945457,4164.663104153245,3956.429948945603,3992.118512626868,0.9910602444370367,35.688563681264355,0.12564887614702705,0.2225394587918623,0.9651238394013415,0.0,0.0,0.0,0.0,False,883.4267801379194,2.880559505053219,1440,2023-06-21,0.24921561044463983,-0.31596566238479484,2.642
38,1,120,379.982530918516,4068.418144692474,3864.99723745786,3909.0087630950934,0.9887410010300448,44.011525637233476,0.09831379107749205,0.20012241449430268,0.9895915069675396,0.0,0.0,0.0,0.0,False,986.0015641973414,1.7018402264320591,1440,2023-09-29,0.2479695323924166,-0.3086746329788378,2.877
39,2,120,470.1864088645264,4365.4026047134685,4147.13247447779,4180.5850010094455,0.991998123103925,33.45252653165581,0.11337626944838135,0.1692673484815298,0.9745883602158936,0.0,0.0,0.0,0.0,False,1205.0970678811645,2.312875601766257,1440,2023-02-10,0.24672968473045453,-0.2535304327241561,2.758
40,2,180,392.6348818479495,6635.641395512695,6303.859325737098,6375.608370296557,0.9887463218578901,71.74904455945844,0.06228484196100608,0.20430616128673987,0.9556309783057296,0.0,0.0,0.0,0.0,False,1048.5659307578433,3.3511953009522495,1440,2023-06-10,0.24549603630680228,-0.13999729471638694,3.112
41,2,180,579.1708672542563,6110.866921880786,5805.323575786731,5881.574215596234,0.9870356749716244,76.25063980950264,0.0997654755490124,0.21717384204828916,0.9928131646512979,0.0,0.0,0.0,0.0,False,989.9567862252836,1.7291765184709074,1440,2023-04-30,0.24426855612526827,-0.12647148054597074,2.873
42,2,180,640.5640661983108,6269.434708197775,5955.962972787862,6040.359214498577,0.9860279432540799,84.39624171071586,0.10755004171869056,0.22430229171501023,0.9913065460969323,0.0,0.0,0.0,0.0,False,982.7322014660181,1.5679307796071174,1440,2023-01-05,0.2430472133446419,-0.14481841898746065,3.063
43,2,180,628.5406125668659,6118.798824300202,5812.858883085211,5870.88375635951,0.9901165010784885,58.024873274299374,0.1081293431010085,0.18748710335125723,0.9907022776872965,0.0,0.0,0.0,0.0,False,1028.7529592199796,1.5109674164843772,1440,2023-12-06,0.2418319772779187,-0.17639367359318947,3.405
44,2,180,612.6008552275993,6248.198911455535,5935.788965882741,6003.65673435855,0.9886955947885218,67.86776847580967,0.10320462178636372,0.19330043272806063,0.9510012855894808,0.0,1.1805555555555556,18.231899337076644,0.0,False,948.507072428074,3.87268921592601,1476,2023-08-26,0.2406228173915291,-0.12003481804507878,3.325
45,2,180,492.8245647632621,6307.143438866863,5991.78626692353,6015.1978259981115,0.9961079319829856,23.411559074580836,0.08225002408443749,0.1658228059868816,0.9845578236485347,0.0,0.0,0.0,0.0,False,1347.7370396714723,1.7985105560358687,1440,2023-11-27,0.23941970330457144,-0.08740207987196075,3.342
46,2,180,341.0700833988747,6565.025505927042,6236.774230630679,6271.771129977353,0.9944199336006702,34.996899346674375,0.054686937635769574,0.17676502577120917,0.9510000069809617,0.0,3.5416666666666665,80.41382916035525,0.0,False,933.5671183953835,3.798581371936438,1595,2023-08-07,0.23822260478804858,0.0008637491977834914,3.433
47,2,180,413.959959598576,6581.231016125618,6252.169465319346,6313.219438983284,0.9903298191589917,61.04997366393632,0.06621061087592127,0.2117696667268156,0.9604024138072431,0.0,0.0,0.0,0.0,False,785.3049165341458,3.1285366672594686,1440,2023-05-27,0.23703149176410834,0.04856527763949775,3.289
48,2,180,63.930183453028725,6774.546120801991,6435.818814761894,6518.047175655214,0.9873845097040044,82.22836089331926,0.009933496466120443,0.21519203908858328,0.9587723157188448,0.0,0.0,0.0,0.0,False,836.0893739830467,3.27672403023699,1440,2023-07-15,0.2358463343052878,0.009127806954194236,3.245
49,2,180,608.5791045853474,6424.904165829795,6103.65895753828,6187.479218882232,0.9864532455982787,83.82026134395205,0.09970725900956935,0.23754356045173225,0.9638128412709374,0.0,0.0,0.0,0.0,False,939.7966375764612,3.1147980808233693,1440,2023-06-13,0.23466710263376137,-0.030710990744366635,3.115
50,2,180,599.3442562205042,6720.480753777045,6384.4567160882,6452.585848391958,0.9894415767717779,68.12913230375746,0.0938755297236515,0.2127324931301936,0.9632421110613261,0.0,0.0,0.0,0.0,False,1273.5291530513268,3.0172362671442166,1440,2023-07-24,0.23349376712059255,-0.11363255392472968,3.205
51,2,180,618.9020872118564,6242.850856995436,5930.7083141457115,5985.534447911128,0.9908402275114213,54.826133765416515,0.10435550939770102,0.19420589357890788,0.9767399327664956,0.0,0.0,0.0,0.0,False,1190.8407908711474,2.1899723730674174,1440,2023-09-12,0.2323262982849896,-0.12602208101814477,3.454
52,2,180,550.5038201930032,6690.462576712519,6355.939447876907,6452.248690158443,0.985073538403993,96.30924228153586,0.08661250232282965,0.2583701410226081,0.9863472257773995,0.0,0.0,0.0,0.0,False,1149.3572094230244,1.6711878978900494,1440,2023-02-17,0.23116466679356462,-0.09488547835899366,3.219
53,2,180,661.8270067085618,6530.764751855409,6204.226514262649,6254.159645398613,0.9920160127072066,49.93313113596393,0.10667357247307366,0.20815358753558452,0.9689182777384827,0.0,0.0,0.0,0.0,False,1287.3606560872436,2.843063483527986,1440,2023-08-16,0.23000884345959682,-0.2140560476589436,3.079
54,2,180,657.0549862353269,6641.0808192949025,6309.026778330133,6367.8767163304565,0.9907583107176994,58.84993800032228,0.10414522070062214,0.19244611410138232,0.984264853467327,0.0,0.0,0.0,0.0,False,1316.3944601149078,1.8118336171239922,1440,2023-04-25,0.22885879924229882,-0.19932376480423097,3.241
55,2,180,566.6920087811435,6203.303294278352,5893.138129564447,5938.1741214654285,0.9924158519134384,45.03599190098205,0.09616133142004375,0.18415600936807047,0.9822093245383687,0.0,0.0,0.0,0.0,False,1189.2393002956014,2.105546734798189,1440,2023-09-28,0.22771450524608736,-0.15260380267028512,3.317
56,2,180,525.9882785971644,6583.4829175882,6254.308771708753,6337.3561869155055,0.9868955739968952,83.0474152067535,0.08410014564302651,0.23310448511177229,0.9616468901053622,0.0,0.0,0.0,0.0,False,1539.1898055109364,3.0978339511925497,1440,2023-05-30,0.2265759327198569,-0.09619740301824589,3.04
57,2,180,291.22128391358444,6151.467605057037,5843.894224804191,5928.305186063717,0.985761367100675,84.41096125952426,0.049833428311810736,0.21918962475748327,0.9510001103276265,0.0,0.2777777777777778,4.717630639598012,0.0,False,1225.6178788474622,3.718864992721256,1451,2023-05-28,0.22544305305625761,-0.16041415418834712,3.217
58,2,180,684.3537630595348,6601.275297874395,6271.211532980687,6309.600870773091,0.9939157264336277,38.38933779240298,0.10912624450004219,0.16844558342555443,0.9768256320072682,0.0,0.0,0.0,0.0,False,1175.1025205787014,2.4775589905509112,1440,2023-05-10,0.22431583779097633,-0.18213434358286643,3.471
59,3,180,370.42959161047816,6624.301000571023,6293.08595054248,6312.931560388934,0.9968563559328004,19.845609846453122,0.05886294808647039,0.15660592319310263,0.9791791771523085,0.0,0.0,0.0,0.0,False,1481.0975395603614,2.156081012718472,1440,2023-12-17,0.22319425860202144,-0.08629588333951616,3.286
60,3,240,610.3805857187449,8226.017860714323,7814.716967678568,7838.629755030464,0.9969493663944836,23.91278735189725,0.07810655053065395,0.14248646291503927,0.9578919716952661,0.0,0.0,0.0,0.0,False,1869.5401790774358,2.994258583590841,1440,2023-10-04,0.22207828730901136,0.018591841206902923,3.533
61,3,240,786.4642387756719,8494.048351228423,8069.345933666991,8177.046126962284,0.986828961018066,107.70019329529228,0.09746319531232134,0.22505651169849822,0.9510000990370556,0.0,1.875,74.93861554562845,0.0,False,1515.5569309498135,3.793346024742722,1480,2023-09-02,0.2209678958724663,0.1364405103100256,3.122
62,3,240,868.7174428699669,8477.134249322971,8053.277536856846,8174.770439522094,0.985138065519507,121.4929026652474,0.10787129077498836,0.22251733416850916,0.9691288093404821,0.0,0.0,0.0,0.0,False,956.5101900842287,2.750374455294411,1440,2023-06-17,0.21986305639310397,0.04781251268398914,3.217
63,3,240,894.6691479338492,8489.059583571723,8064.606604393108,8093.341210843342,0.9964495990343597,28.734606450234963,0.11093772973953718,0.14620648215958312,0.9510962373068472,0.0,1.0416666666666667,40.1523362289909,0.0,False,2075.499672693354,3.329990180313353,1455,2023-02-10,0.21876374111113842,-0.018629561559289555,3.554
64,3,240,541.5242559039948,8437.416199804517,8015.545389814286,8061.7488006945605,0.994268810400506,46.2034108802749,0.06755925262330047,0.17569547317070155,0.9557074261781972,0.0,0.0,0.0,0.0,False,1279.1312022892553,3.3669517504911894,1440,2023-08-07,0.21766992240558275,0.09879032935774561,3.427
65,3,240,875.0997594843127,8570.544867700224,8142.017624315215,8164.794117943289,0.9972104019649412,22.77649362807359,0.10747947251685212,0.15017201061448396,0.9750582857965193,0.0,0.0,0.0,0.0,False,1542.4543125751989,2.0014644888974518,1440,2023-11-20,0.2165815727935548,0.1290656882083781,3.292
66,3,240,1104.1935036241027,8540.501169183368,8113.476110724192,8177.763929354296,0.9921387045180723,64.28781863010441,0.13609376407291163,0.18482597086515976,0.9843642064750426,0.0,0.0,0.0,0.0,False,1345.232014643828,1.9026528943539365,1440,2023-02-23,0.21549866492958705,0.21192899238183863,3.475
67,3,240,553.3851252254134,8587.969200327236,8158.570740310886,8234.379453910748,0.9907936336885887,75.80871359985947,0.06782868505278491,0.20029301587292808,0.9711192098311194,0.0,0.0,0.0,0.0,False,1685.5544964260444,2.398770443464703,1440,2023-12-15,0.21442117160493912,0.2027396246258623,3.344
68,3,240,687.3871648745317,8568.740867107888,8140.3038237524925,8223.0829838491,0.9899333181655597,82.77916009660886,0.08444244585427059,0.18557413976302736,0.9577377401476845,0.0,0.0,0.0,0.0,False,1271.7561571528381,3.2005594744489847,1440,2023-05-13,0.21334906574691442,0.16134598061034455,3.381
69,3,240,811.8785941919439,8067.397711267749,7664.0278257043665,7745.412907547794,0.9894924798955368,81.38508184342828,0.10593366995210873,0.19789408577169515,0.9651797753673318,0.0,0.0,0.0,0.0,False,891.1964325500188,2.8996617573181087,1440,2023-06-17,0.21228232041817982,0.16133388585156055,3.304
70,3,240,1083.071936290258,8240.644333540837,7828.612116863736,7882.191615629321,0.9932024617798756,53.57949876558375,0.13834788594994965,0.1621729781969765,0.9669145924216457,0.0,0.0,0.0,0.0,False,1864.22070905712,2.4336849089896977,1440,2023-03-05,0.21122090881608893,0.13432562453687946,3.114
71,3,240,1161.6920908807526,8996.015963783751,8546.215165594644,8569.915120202,0.9972345169963833,23.699954607358773,0.1359305924753092,0.159812518163893,0.9618529381205867,0.0,0.0,0.0,0.0,False,2103.5245713289605,2.657446869141272,1440,2023-02-26,0.21016480427200848,0.1931968032396668,3.124
72,3,240,156.39141946113122,8760.363236949754,8322.345075102283,8349.45800107265,0.9967527322172429,27.112925970366412,0.018791748966166144,0.14181999695612793,0.951003051653332,0.0,3.125,76.17631849955421,0.0,False,1989.9769932162712,3.5621146926468166,1557,2023-08-02,0.20911398025064845,0.2474961323664857,3.335
73,3,240,105.67788427119324,8713.247766017392,8277.585377716532,8319.314173101924,0.994984106319688,41.728795385393326,0.012766752555120815,0.1658116896764932,0.9510017243960067,0.0,2.0833333333333335,61.008569579709004,0.0,False,1888.3426223906272,3.382837963414639,1486,2023-09-19,0.20806841034939522,0.3334281424772176,3.187
74,3,240,996.904635333737,8410.269621089245,7989.756140034795,8014.462446954931,0.996917284586002,24.70630692013694,0.12477284886562202,0.1633721809178992,0.9788714744971152,0.0,0.0,0.0,0.0,False,1634.1066881968786,2.181859811262089,1440,2023-03-07,0.20702806829764822,0.3511014420971748,3.064
75,3,240,609.4977456344029,8352.154389639938,7934.546670157888,7977.424305272152,0.9946251279268263,42.87763511426386,0.07681569861158491,0.17412652535286607,0.9510025149768891,0.0,0.3472222222222222,1.045584022165106,0.0,False,1832.8320547785993,3.2995827421418578,1450,2023-05-31,0.20599292795615998,0.3724383920161524,3.046
76,3,240,834.8288441725139,8517.849965916363,8091.957467620514,8161.571022770112,0.9914705692132824,69.61355514959779,0.1031677251781206,0.18754424325698696,0.9510324971997949,0.0,1.0416666666666667,34.80305846332348,0.0,False,2009.5594296744493,3.5219257943313753,1485,2023-07-06,0.20496296331637917,0.3671420679267642,3.181
77,3,240,910.4871666624206,8381.560925369478,7962.482879101006,8043.960732789035,0.9898709284648908,81.47785368802944,0.11434714278032056,0.21750464327084051,0.9818535116674525,0.0,0.0,0.0,0.0,False,1738.7403185408612,2.2369259129682453,1440,2023-10-26,0.2039381484997973,0.33400881710333824,3.146
78,3,240,1201.4129952688063,8680.541611973878,8246.514531375195,8344.326164715469,0.9882780668672951,97.81163334027345,0.1456873677597774,0.2398629252817249,0.9836645255766272,0.0,0.0,0.0,0.0,False,1378.9284122349222,1.9352266486321632,1440,2023-03-05,0.2029184577572983,0.24071410425057763,3.134
79,4,240,643.7679670011711,8640.207404854164,8208.197034611487,8243.13288334248,0.9957618239053758,34.93584873099238,0.07842988713436046,0.16848534740870297,0.9510605086186555,0.0,0.06944444444444445,0.37658415384216914,0.0,False,1594.8807707887222,3.5330747037906063,1442,2023-05-25,0.20190386546851183,0.11489696728033727,3.126
80,4,300,1097.9467566897654,10820.981054635608,10279.932001903777,10361.903752225247,0.9920891225896721,81.97175032147025,0.10680486568261666,0.20366739993665542,0.9579821310097008,0.0,0.0,0.0,0.0,False,2189.19412575235,2.702718338334188,1440,2023-12-05,0.20089434614116924,0.17284966165435806,3.175
81,4,300,32.39520257765362,10720.251241148628,10184.238679091231,10206.613092528029,0.9978078513181639,22.374413436798438,0.003180915490930377,0.13857117080124345,0.9717549712888156,0.0,0.0,0.0,0.0,False,1880.616281965227,2.38892748681427,1440,2023-12-23,0.19988987441046338,0.14162793159524656,3.264
82,4,300,1447.2266772213454,11123.892496157341,10567.697871349486,10633.201392600895,0.9938397178015467,65.50352125141048,0.13694815037672303,0.1835677957731003,0.9611022950319594,0.0,0.0,0.0,0.0,False,1878.8912234319087,2.4799208624572864,1440,2023-02-23,0.19889042503841106,0.2629336931058015,3.156
83,4,300,697.2129269806952,11240.795193378155,10678.755433709212,10765.427951576126,0.9919489946654443,86.67251786691537,0.06528971763692895,0.19289111872083,0.9573769983451899,0.0,0.0,0.0,0.0,False,2068.7314495951514,2.794782876824295,1440,2023-04-01,0.19789597291321903,0.26180733758750535,3.149
84,4,300,1020.947244202967,10832.109903645922,10290.504408463643,10328.211529611535,0.996349114167561,37.7071211478945,0.09921255593294993,0.13435769841088954,0.9510006914149989,0.0,0.1388888888888889,0.21777424398909975,0.0,False,2096.429937362671,2.9682743873991386,1444,2023-09-29,0.19690649304865293,0.2407503867518216,3.203
85,4,300,1202.9672905722045,10532.714310821324,10006.078595280249,10088.806702108628,0.9918000107177107,82.72810682838028,0.12022364996609464,0.19967902688744238,0.9510634774183621,0.0,1.0416666666666667,37.39576728590539,0.0,False,2200.1884508132935,3.549682862635912,1455,2023-10-11,0.19592196058340966,0.3559604658445991,3.25
86,4,300,812.8497518101489,10440.596370364929,9918.566551846689,9968.375915202305,0.9950032619376187,49.8093633556145,0.08195234135509313,0.16780638596883984,0.9741150483014387,0.0,0.0,0.0,0.0,False,1668.3788349192025,2.224181286100624,1440,2023-04-29,0.1949423507804926,0.3044376551260328,3.13
87,4,300,816.0531600180742,11131.686757632637,10575.102419751072,10620.152656126284,0.9957580424845189,45.05023637521221,0.07716740014677638,0.16085017545478283,0.9567720401344934,0.0,0.0,0.0,0.0,False,2251.773149986705,2.7952318698325884,1440,2023-11-19,0.19396763902659017,0.33494889727366334,3.1
88,4,300,667.6067639388401,10300.892392983553,9785.847773334357,9870.517673547012,0.9914219392525307,84.6699002126585,0.06822165839918484,0.18472991873485844,0.9656399565455736,0.0,0.0,0.0,0.0,False,1486.1254121634202,2.699262527539472,1440,2023-05-19,0.1929978008314572,0.376619045349954,3.112
89,4,300,654.4240273699477,10842.596354144647,10300.466536437392,10368.512141148367,0.9934372835962713,68.04560471097435,0.06353343560264528,0.17446508737550592,0.9510001860704193,0.0,5.0,184.56591223548355,0.0,False,1567.92045323194,3.8668762608244838,1701,2023-06-03,0.19203281182729992,0.3581832326580773,3.134
90,4,300,228.99181325704708,10415.082451881815,9894.328329287648,9949.711076041327,0.9944337331676857,55.38274675367914,0.02314374514733064,0.18907845324424447,0.9528375414549135,0.0,0.0,0.0,0.0,False,1924.1890339377874,3.1501914399477267,1440,2023-09-18,0.19107264776816343,0.3672939571263762,3.068
91,4,300,842.4380232981744,10510.463408482181,9984.940238058058,10039.220270802589,0.9945932023324167,54.280032744531404,0.08437086284073922,0.15511351171026022,0.9510008839592209,0.0,2.0833333333333335,61.93663240706405,0.0,False,1906.4634066196995,3.7137542751519517,1511,2023-05-13,0.19011728452932258,0.3429792091275783,3.022
92,4,300,1043.6663248507255,10971.564285341952,10422.986071074838,10498.246528915959,0.9928311401686152,75.26045784112242,0.10013122129626914,0.20426217673855263,0.9556008679531173,0.0,0.0,0.0,0.0,False,1955.327618865132,2.7552232324468267,1440,2023-12-03,0.189166698106676,0.40049460651779234,3.091
93,4,300,1079.4155812746517,10973.914169208969,10425.218460748525,10495.239508235885,0.9933283039960724,70.02104748735927,0.10353889324609417,0.214960832697429,0.968971929800264,0.0,0.0,0.0,0.0,False,1638.7214899028604,2.4140914555947504,1440,2023-02-24,0.1882208646161426,0.33816675253079265,3.429
94,4,300,1288.848895425059,10860.563187486736,10317.53502811244,10370.10998207517,0.9949301449981142,52.57495396272964,0.12491829607685373,0.18144579397499694,0.9518861715890107,0.0,0.0,0.0,0.0,False,2152.2902061014056,3.330408468658157,1440,2023-06-15,0.1872797602930619,0.26401938459679336,3.126
95,4,300,989.5668706337747,10045.892370556334,9543.597752028581,9597.20701331208,0.9944140768028513,53.609261283496764,0.10368907998280134,0.17538617521074598,0.9510002692011368,0.0,3.125,187.40729008981555,16.4460150338865,True,1340.22398810396,3.9399671014865434,1584,2023-08-19,0.18634336149159655,0.27936228574019467,2.972
96,4,300,817.9568715401869,10289.279257420554,9774.815294549566,9810.469374052853,0.9963657111455252,35.6540795032858,0.08368003352414029,0.14688549490378117,0.9510003628412266,0.0,5.833333333333333,314.3715770860349,0.0,False,2261.676149647273,3.9741180325860936,1594,2023-06-01,0.1854116446841386,0.3061984591757305,2.912
97,4,300,1061.6670002356568,10310.529149199032,9795.002691739093,9841.437002436993,0.9952817550235397,46.43431069790259,0.10838863792564807,0.16835883939828855,0.9616510763504459,0.0,0.0,0.0,0.0,False,2131.020850689245,2.628160700367057,1440,2023-11-20,0.18448458646071791,0.3930246198542927,2.844
98,4,300,1030.8577901687033,10710.33810471884,10174.821199482874,10246.140840834421,0.9930393655075174,71.31964135154675,0.10131458528441716,0.1794367940532107,0.9527916483863932,0.0,4.166666666666667,338.0004389788356,0.0,False,2253.3397995660544,3.793635609141413,1500,2023-09-15,0.1835621635284143,0.4168262485393118,2.85
99,5,300,1343.8064426006165,10726.845211977301,10190.502951378436,10309.694368712688,0.9884388990525298,119.19141733424962,0.13186851022096455,0.211717503977338,0.9510004886137668,0.0,1.0416666666666667,23.264004709016334,0.0,False,1952.4380430037359,3.197255158215832,1463,2023-06-21,0.18264435271077226,0.4125242115438378,2.805
100,5,205,617.4290316491483,7096.11661704416,6741.310786191998,6781.357185716211,0.9940946335036644,40.046399524213165,0.09158886917271454,0.1944738861836632,0.9510001594139856,0.0,1.3194444444444444,23.51461655422479,0.0,False,1677.004425206901,3.3226842166445127,1492,2023-06-12,0.18173113094721838,0.3374791449155117,3.023
101,5,212,741.1211272734655,7801.479828183231,7411.405836774083,7438.85792328036,0.996309636937632,27.452086506277723,0.09999737480251773,0.18704646627623311,0.9762142124400582,0.0,0.0,0.0,0.0,False,1794.9862000584405,2.354541383720557,1440,2023-05-08,0.18082247529248227,0.31565535644975207,4.123
102,5,256,822.1270050020819,8941.011152913808,8493.96059526809,8623.21111062467,0.9850113242389102,129.25051535658116,0.09678959488699318,0.2523680726482582,0.9768741559661367,0.0,0.0,0.0,0.0,False,1257.4637462000387,1.9618889396922068,1440,2023-03-29,0.1799183629160199,0.315184326159679,3.928
103,5,292,853.0529876469219,10031.066655803595,9529.513323013372,9663.760907573274,0.9861081430052047,134.24758455990232,0.08951695209731592,0.2630740520839073,0.9510465531447615,0.0,1.0416666666666667,39.908363282160984,0.0,False,1317.651365799028,3.762660630944249,1474,2023-06-24,0.1790187711014398,0.16848156427675237,4.386
104,5,126,305.91658376161183,4397.687572066182,4177.803193462854,4216.5847152029155,0.9908026224161383,38.78152174006023,0.07322426873537019,0.22813040335529608,1.002393860664845,0.0,0.0,0.0,0.0,False,617.3356486021526,1.203357483321187,1440,2023-11-09,0.1781236772459326,0.02441249740778781,3.928
105,5,146,149.79642647120477,4725.750958162098,4489.463410253977,4548.008637171184,0.9871272832600375,58.54522691720699,0.033366220588649485,0.21004787321060062,0.9940492231584639,0.0,0.0,0.0,0.0,False,662.9087372421124,1.391572215229506,1440,2023-01-14,0.17723305885970292,-0.015373249052204052,2.835
106,5,268,257.1908013529615,9189.391303824477,8729.921738633271,8814.71882037619,0.9903800582331791,84.79708174291892,0.02946083699866323,0.22095088400055474,0.9665621560608189,0.0,0.0,0.0,0.0,False,1542.5019753670517,2.767976926761024,1440,2023-10-14,0.1763468935654044,-0.007922673562397509,2.742
107,5,291,692.1716092515128,10617.431413462236,10086.559842789115,10148.420867776316,0.9939043693799077,61.86102498720264,0.068623159931614,0.18690012622962557,0.967089912796747,0.0,0.0,0.0,0.0,False,1788.9525909852255,2.5247850387809927,1440,2023-12-15,0.17546515909757737,-0.02699638110847913,2.849
108,5,165,321.5993972444173,5943.610738522388,5646.430201596236,5665.209646333436,0.996685128016515,18.779444737200144,0.05695623354265527,0.15980019438508986,0.9686262375312953,0.0,0.0,0.0,0.0,False,1486.3552894844975,2.556144067356432,1440,2023-01-01,0.1745878333020895,0.03331131363921851,2.763
109,5,176,631.9658154305505,6146.899875436641,5839.554881664795,5875.107057281073,0.9939486761228942,35.552175616279044,0.10822157308852687,0.1669166624910789,0.9851065303181016,0.0,0.0,0.0,0.0,False,1300.286033551311,1.8700591807132758,1440,2023-11-21,0.17371489413557906,0.14318730977610067,2.907
110,5,277,934.1170576552928,10017.33071403571,9516.464178333916,9618.090255963203,0.9894338610966684,101.62607762928897,0.09815799651534361,0.22397825953648792,0.9811609069095327,0.0,0.0,0.0,0.0,False,1355.4523614403063,2.2720844367756725,1440,2023-10-08,0.17284631966490113,0.2170860437278766,2.797
111,5,196,444.7823174670418,6864.5363478293475,6521.309530437902,6601.716747425462,0.9878202564478524,80.40721698755908,0.06820444810831958,0.22569508498965252,0.9728108162312682,0.0,0.0,0.0,0.0,False,908.9775502586235,2.5529828126555065,1440,2023-05-19,0.17198208806657664,0.14947060441257307,2.871
112,5,169,566.3545453279902,6371.618248363792,6053.037335945574,6091.99246036659,0.9936055199223487,38.95512442101574,0.0935653480880962,0.19957138386737464,0.9686561554733653,0.0,0.0,0.0,0.0,False,1291.5091189105133,2.867803089151881,1440,2023-07-05,0.17112217762624377,0.0903164827138855,2.856
113,5,269,940.3803466705093,9957.495421603042,9459.620650522964,9509.469582275104,0.9947579692725392,49.848931752136956,0.09940994268290468,0.1652629959014517,0.9647949125169687,0.0,0.0,0.0,0.0,False,1815.7617884278297,2.591970811034274,1440,2023-12-03,0.17026656673811255,0.10048675863057807,2.92
114,5,166,534.794744297121,5808.672326692054,5518.238710357438,5562.001130451579,0.9921318929882008,43.76242009414112,0.09691402861810598,0.21025195165565133,0.9703343897292993,0.0,0.0,0.0,0.0,False,1274.6489848340748,2.794711510054293,1440,2023-09-17,0.16941523390442195,0.18583828309389003,2.899
115,5,194,562.5757582787978,7002.824963941986,6652.683715744844,6700.28715139917,0.9928953140994285,47.60343565432662,0.08456373131753657,0.17137432690157148,0.990095324397695,0.0,0.0,0.0,0.0,False,1338.7422910534933,1.854083833193469,1440,2023-03-21,0.16856815773489983,0.15463120242251782,2.806
116,5,236,107.47740666810583,8375.951846099193,7957.154253794204,7983.4871559883295,0.9967015789366713,26.33290219412602,0.013507015603833173,0.13935617133563605,0.9826743683389154,0.0,0.0,0.0,0.0,False,1410.9685701074332,1.9800999484032524,1440,2023-12-30,0.16772531694622533,0.21662759599931714,2.829
117,5,219,829.9498769208528,7738.9566993023855,7352.008864337255,7375.721975501566,0.9967849776275362,23.71311116431005,0.11288749676931578,0.20188720248560002,0.9710021854067448,0.0,0.0,0.0,0.0,False,1684.189499477993,2.4869624394925856,1440,2023-01-16,0.16688669036149426,0.3396968445390327,2.937
118,5,135,497.21310536992326,4596.377898705091,4366.559003769832,4399.1905709938965,0.9925823701661799,32.631567224064355,0.11386840414629884,0.16989983290777122,0.9740006426626255,0.0,0.0,0.0,0.0,False,1248.5441681145935,2.485423629317787,1440,2023-03-10,0.16605225690968675,0.3004896147166045,2.845
119,5,124,79.34364973262065,4109.375684543693,3903.906900316525,3934.784878321563,0.9921525626025559,30.877978005037846,0.02032416544723122,0.1913292659574756,0.9898849628884907,0.0,0.0,0.0,0.0,False,1145.672787908906,1.5727806805604339,1440,2023-04-10,0.1652219956251383,0.34100105228449673,3.497
120,5,276,1001.55388255908,10019.325179696985,9518.358920712135,9625.26272929964,0.9888934139675911,106.90380858750535,0.10522337841029289,0.19483982415572312,0.9511105161216116,0.0,4.166666666666667,305.1470336300232,0.0,False,2351.072087287903,3.6654683518121294,1500,2023-04-18,0.16439588564701263,0.32669898633158706,4.137
121,5,256,650.1051792111971,8957.538589111184,8509.661659655598,8543.667261610066,0.9960197885857203,34.0056019544669,0.07639612539395697,0.18118842503499452,0.9510001303878706,0.0,1.0416666666666667,20.330517378089034,0.0,False,1907.388572835669,3.165827868302091,1474,2023-06-04,0.16357390621877757,0.3077921143253286,3.088
122,5,271,120.18071266969093,9126.441389324587,8670.119319858379,8760.172813897978,0.9897201235691687,90.05349403960054,0.013861483127968534,0.18894038093519938,0.9833910415682041,0.0,0.0,0.0,0.0,False,1538.1522368336439,2.110476155190117,1440,2023-12-30,0.16275603668768368,0.32364027353417507,3.121
123,5,217,257.96645986799547,8033.005187291442,7631.354927926836,7716.601383321983,0.9889528496859522,85.2464553951468,0.033803493914818565,0.2492707935623883,0.9586657656440619,0.0,0.0,0.0,0.0,False,908.8952332152254,3.3258560853549355,1440,2023-07-22,0.16194225650424526,0.31981747887404155,3.004
124,5,267,619.1022420569162,9387.920419330738,8918.524398364214,9022.2921288049,0.9884987396817496,103.76773044068423,0.06941756443145107,0.2232015352024751,0.980912344833318,0.0,0.0,0.0,0.0,False,1463.1378535138188,2.098408633715208,1440,2023-12-15,0.16113254522172402,0.18156879568799977,3.011
125,5,179,674.1833190753722,6257.461939171735,5944.588842213147,5988.628735744376,0.9926460805178373,44.03989353122968,0.11341126139589773,0.1834517886816464,0.9789228159022657,0.0,0.0,0.0,0.0,False,1261.6430051432021,2.0915630552613242,1440,2023-10-12,0.1603268824956154,0.12716214077085158,3.275
126,5,201,1052.1365783998501,6978.714752652236,6629.7790150196215,6659.264287057156,0.9955722928590112,29.485272037534422,0.15869858950294682,0.19751632986457446,0.9675439058244835,0.0,0.0,0.0,0.0,False,1821.0930996142597,2.4681145955988013,1440,2023-01-24,0.15952524808313734,0.17191366974887382,2.844
127,5,262,913.4164908746382,9130.371456103312,8673.852883298176,8726.635051510231,0.9939516012872658,52.78216821205558,0.10530689223856395,0.213017047949235,0.9780049206595807,0.0,0.0,0.0,0.0,False,1750.9728858293688,2.1760314635371563,1440,2023-11-28,0.15872762184272163,0.1768970858356212,2.953
128,5,142,541.0197621664123,5040.107156166484,4788.101798358142,4854.367165671353,0.9863493293663859,66.26536731321079,0.11299253544524261,0.26616110427430323,0.9870006754057785,0.0,0.0,0.0,0.0,False,991.0703835388202,1.951062832130297,1440,2023-03-18,0.15793398373350803,0.14613138652130409,2.894
129,5,174,89.57127571452489,6578.452389262928,6249.529769799783,6320.157923771828,0.9888249384233908,70.6281539720446,0.014332482444898329,0.2214774089046493,0.9911279235927887,0.0,0.0,0.0,0.0,False,1098.763960125576,1.6625140903201783,1440,2023-12-30,0.15714431381484048,0.0012938479409851933,2.968
130,5,142,500.09574117145337,4799.445893168066,4559.473598509648,4603.359157706322,0.9904666228088663,43.88555919667491,0.10968278034001981,0.21975957317987446,0.9966231891724947,0.0,0.0,0.0,0.0,False,1010.4978981018066,1.393434562393461,1440,2023-02-18,0.1563585922457663,-0.01734592355526371,3.043
131,5,202,713.4866691904506,6858.061547694096,6515.158470309401,6562.408047833795,0.9927999634920615,47.249577524392066,0.10951179045635209,0.18095238928525254,0.9799682387859177,0.0,0.0,0.0,0.0,False,1699.413937163809,2.126780553263082,1440,2023-04-15,0.15557679928453744,-0.02946648081675196,3.008
132,5,296,973.0296965922831,10246.139207737937,9733.832247351065,9792.40089792211,0.9940189692822449,58.56865057104416,0.09996368047713997,0.2021645183733061,0.9572340108984941,0.0,0.0,0.0,0.0,False,2226.092503007903,2.8204303060779026,1440,2023-04-25,0.1547989152881148,0.047165258477963046,2.981
133,5,144,425.2347520040045,5077.838080410049,4823.946176389551,4863.111901135466,0.991946365713532,39.16572474591563,0.08815080775264134,0.21109019591702524,0.9943017447862385,0.0,0.0,0.0,0.0,False,984.1698570478188,1.6879180203884203,1440,2023-04-12,0.1540249207116742,0.06169574000135192,2.976
134,5,189,477.91326391373696,7059.781530217486,6706.792453706609,6755.245226215038,0.9928273851080345,48.452772508429284,0.07125809650626821,0.21050278388886123,0.9864390984544329,0.0,0.0,0.0,0.0,False,1302.8470587386867,1.895639939746917,1440,2023-12-26,0.15325479610811582,0.05312912482802962,2.897
135,5,192,622.575591970624,6766.622773694903,6428.291635010111,6490.648297307663,0.990392845299688,62.35666229755153,0.0968493072996127,0.21806897638446232,0.9887978588438683,0.0,0.0,0.0,0.0,False,1325.7411556883649,1.7326094161848533,1440,2023-04-22,0.15248852212757524,0.04704299995688954,2.888
136,5,283,711.1425476972345,10175.247786186601,9666.485396877273,9776.142736502,0.988783169131186,109.65733962472716,0.07356784999923206,0.23373473837773223,0.9560053674454738,0.0,0.0,0.0,0.0,False,1491.2578112079955,3.362035664386425,1440,2023-06-30,0.15172607951693737,0.024625027750432002,3.022
137,5,156,127.04885762887075,5760.231356781962,5472.219788942829,5513.834044797968,0.9924527551034293,41.61425585513791,0.023217060448775424,0.20183551004830252,0.9927935084509385,0.0,0.0,0.0,0.0,False,1142.7654641144175,1.4876127913792887,1440,2023-01-10,0.15096744911935267,-0.029460763318814448,2.98
138,5,210,469.67533151485816,7579.102812919436,7200.147672273458,7267.672840061648,0.9907088322116029,67.52516778818979,0.065231347035214,0.20874949156577827,0.9558258758539203,0.0,0.0,0.0,0.0,False,1092.5195888789303,3.465615279870607,1440,2023-06-03,0.15021261187375592,-0.002642869351881391,2.963
139,5,167,426.5938250344932,6215.699943689564,5904.914946505063,5928.087041124507,0.9960911345500338,23.172094619443698,0.0722438559910132,0.17107545483362518,0.9774572036855351,0.0,0.0,0.0,0.0,False,1343.9314934684533,1.972838860339321,1440,2023-10-27,0.14946154881438714,0.0031632119049295054,3.031
140,5,123,382.9200728184095,4204.311814592635,3994.0962238629945,4034.6414292996374,0.9899507289192534,40.545205436642554,0.09587151920142233,0.19678996867541368,0.9669448321382439,0.0,0.0,0.0,0.0,False,803.4555178684507,2.8863192800125304,1440,2023-08-04,0.1487142410703152,0.09213718497943373,2.995
141,5,255,873.8507973751612,8813.901556967674,8373.206479119312,8462.843977018423,0.9894081117243175,89.63749789911243,0.10436274318020547,0.22929426410429019,0.9782236531391076,0.0,0.0,0.0,0.0,False,1584.0746089600816,2.1431701420505673,1440,2023-03-11,0.14797066986496363,0.10690493455333178,2.992
142,5,131,486.14599878239306,4945.57226637044,4698.293653051924,4735.983218785785,0.9920418709288578,37.68956573386063,0.1034728849838072,0.2250496178496578,0.9837073010262156,0.0,0.0,0.0,0.0,False,1067.5332860183603,2.148303916747753,1440,2023-05-03,0.1472308165156388,0.04574497106370737,2.97
143,5,170,166.86522286850865,5977.543696229407,5678.666511417974,5738.690503451968,0.9895404723433181,60.02399203399327,0.029384578674059535,0.2160737531057115,0.9984552224546311,0.0,0.0,0.0,0.0,False,941.2823200147105,1.3220698995518252,1440,2023-11-03,0.1464946624330606,0.004902741139716227,3.037
144,5,210,652.7126996663424,7597.8635813756255,7217.970402306852,7243.943593861146,0.9964144956103324,25.973191554294704,0.09042884125123822,0.20221021615025714,0.9557730434588002,0.0,0.0,0.0,0.0,False,1949.421052631579,2.7437223795033256,1440,2023-01-15,0.1457621891208953,-0.008827828018080422,2.896
145,5,207,797.3612633324535,7709.047722176366,7323.595336067554,7405.9778752592365,0.9888762104641314,82.38253919168342,0.10887565829935672,0.2406758453244181,0.9519630725156906,0.0,0.0,0.0,0.0,False,1428.9073562084805,3.2178047527949047,1440,2023-06-22,0.14503337817529083,0.010576987150168984,2.925
146,5,141,415.40184873039726,4815.726286363913,4574.939972045722,4612.137822950536,0.9919347919917498,37.19785090481366,0.09079940966846105,0.20292129361372285,0.9669705699661878,0.0,0.0,0.0,0.0,False,701.6406837765237,2.923762420291995,1440,2023-05-24,0.14430821128441437,-0.060557337164606526,2.841
147,5,297,473.9838063269419,10765.522152211815,10227.246044601201,10311.860849043991,0.9917944194863108,84.6148044427905,0.046345204198656224,0.21663060447287324,0.9541227988359994,0.0,0.0,0.0,0.0,False,2215.1713303108836,2.8702725006344614,1440,2023-12-16,0.1435866702279923,-0.03455084753358352,3.115
148,5,255,127.6012552635838,9019.831352570935,8568.83978494242,8611.954711703736,0.9949935957393363,43.11492676131542,0.014891310663528905,0.18617438267939984,0.9637031538240034,0.0,0.0,0.0,0.0,False,2113.1859442624755,2.5982664356698293,1440,2023-12-21,0.14286873687685234,-0.044737669942539623,3.015
149,5,294,953.1679805333041,9989.355905180075,9489.888109921034,9534.381430558014,0.9953333815139409,44.49332063697957,0.10044038132934693,0.1827874666853467,0.9525426435606836,0.0,0.0,0.0,0.0,False,2288.695245742798,2.946328194812264,1440,2023-05-05,0.14215439319246806,0.01480784094196698,2.978
150,5,136,612.6341849652296,4763.324354180684,4525.158136471661,4550.083885125507,0.9945219144782519,24.925748653844952,0.135384038853261,0.16742485122336526,0.9968467618319767,0.0,0.0,0.0,0.0,False,902.6510405320663,1.3551465870028891,1440,2023-02-23,0.14144362122650572,0.07075609150222183,2.956
151,5,251,997.8626196118367,8483.941486906493,8059.744412561175,8136.517903242259,0.9905643308852683,76.77349068108532,0.12380822127022541,0.22863463156575237,0.9788141239951813,0.0,0.0,0.0,0.0,False,1672.8777734146288,2.1129804724722185,1440,2023-03-20,0.1407364031203732,0.15094120340561665,3.01
152,5,173,349.75331470231373,6150.8567241452165,5843.313887937929,5853.894679604382,0.9981925210060035,10.580791666452818,0.05985530153091598,0.16232242175236092,0.9771673800105195,0.0,0.0,0.0,0.0,False,1387.499410803026,2.0330830407214497,1440,2023-12-17,0.14003272110477133,0.07899604459679324,2.953
153,5,217,234.677651340529,7515.037391730595,7139.285522144034,7184.975290295435,0.9936409289795174,45.689768151402134,0.032871307725769704,0.20705616904511176,0.9879077016546225,0.0,0.0,0.0,0.0,False,1448.2702939609321,1.968139003667087,1440,2023-01-12,0.13933255749924747,0.16921065805157764,3.133
154,5,287,684.9493034349379,10287.372766044678,9773.004127742406,9812.403957012051,0.9959846914739492,39.399829269643575,0.07008585021371144,0.1820857764130669,0.9510830206400948,0.0,1.0416666666666667,65.77205945012643,0.0,False,2017.600571334436,3.4184896481564033,1455,2023-07-31,0.13863589471175125,0.14261529631909775,3.109
155,5,170,684.3854377521861,6219.353282393955,5908.385618274251,5945.558753549535,0.9937477473831889,37.17313527528396,0.11583289953780719,0.19447628878767997,0.9821963435446037,0.0,0.0,0.0,0.0,False,1336.443057170146,1.976496354949773,1440,2023-04-02,0.1379427152381925,0.17716958190295917,3.078
156,5,251,854.0747916636903,8775.452153082397,8336.679545428271,8354.400275592132,0.9978788746553559,17.720730163861557,0.10244783753647507,0.17210189331203146,0.9543171187839771,0.0,0.0,0.0,0.0,False,2163.8468614003177,2.893155685810029,1440,2023-04-18,0.13725300166200152,0.17783006870651555,3.089
157,5,149,496.6565373405335,5335.321754331874,5068.555666615301,5095.787900274454,0.9946559326659403,27.232233659153415,0.09798778389903581,0.1743704173825312,0.9894733295982436,0.0,0.0,0.0,0.0,False,923.4229967414057,1.7001328549270047,1440,2023-09-29,0.1365667366536915,0.22897703353018584,3.093
158,5,178,110.45106568675018,5967.0854000555255,5668.731130052739,5673.765410192404,0.9991127091489153,5.034280139665305,0.019484266082262152,0.17421074848087534,0.973290123334316,0.0,0.0,0.0,0.0,False,1494.5969612041563,2.2866357377764284,1440,2023-10-29,0.13588390297042305,0.26618533156489604,3.112
159,5,295,697.7848885418283,10754.25917169615,10216.546213111338,10239.10270525771,0.9977970245249332,22.556492146371234,0.06829948927812127,0.18143511618146504,0.9510016871373588,0.0,3.1944444444444446,202.55532364711257,0.0,False,1725.3649618977959,3.9380532808921096,1566,2023-08-08,0.13520448345557096,0.29759270415226335,3.21
160,5,196,610.0908628334148,6839.5145281468185,6497.538801739478,6526.099593977015,0.9956236046008407,28.560792237536795,0.09389568595882572,0.14355507241475096,0.9510036882770371,0.0,1.0416666666666667,15.378421489934919,0.0,False,1696.8515306761487,3.0557001829149377,1480,2023-09-17,0.13452846103829308,0.3077532374717866,3.079
161,5,213,387.00386486798567,7551.448624143278,7173.876192936122,7227.668458080083,0.9925574525926373,53.792265143961295,0.05394627039271399,0.18657380385511013,0.9754346455004612,0.0,0.0,0.0,0.0,False,1227.1055243318533,2.3025301068069464,1440,2023-10-02,0.13385581873310162,0.40204000679343865,3.015
162,5,173,209.53404027582823,5928.512213300215,5632.086602635189,5643.0204208936175,0.9980624173859187,10.933818258428609,0.037203625416162754,0.1341877261532791,0.9894210475682836,0.0,0.0,0.0,0.0,False,1247.6220574567233,1.72277196153586,1440,2023-03-12,0.1331865396394361,0.38349952288921463,3.106
163,5,140,521.3112653093164,5348.824777648582,5081.3835387661275,5092.121027252252,0.9978913524583058,10.7374884861254,0.10259238676478695,0.14515982796237628,0.9687627819158083,0.0,0.0,0.0,0.0,False,1079.1984586747658,2.653673536375278,1440,2023-09-13,0.13252060694123893,0.4872071204021997,3.17
164,5,196,661.7717686035847,6814.606492527592,6473.876167901189,6504.786340622406,0.9952480879305469,30.910172721217606,0.10222187626707867,0.1761075847866503,0.9812278637119763,0.0,0.0,0.0,0.0,False,1371.2362060225155,2.341600917348233,1440,2023-05-08,0.13185800390653274,0.5487765830344551,3.15
165,5,232,949.4300320981905,8065.4487914012725,7662.176351831217,7705.896416927891,0.994326414120928,43.720065096672755,0.12391127383426538,0.2025440746661485,0.9784435656915972,0.0,0.0,0.0,0.0,False,1504.4906395440007,1.9700810736685248,1440,2023-04-08,0.13119871388700008,0.5311417088875241,3.002
166,5,202,837.7087689815946,6700.203701635946,6365.193516554111,6402.8013715728175,0.994126343636759,37.607855018705884,0.13160774559374283,0.1490289631022912,0.9641751441959334,0.0,0.0,0.0,0.0,False,1890.2225406169891,2.6494364436235847,1440,2023-04-04,0.13054272031756506,0.4587463281017758,3.125
167,5,260,122.70935912327676,9561.844698031511,9083.752463129906,9152.26230123145,0.9925144367756673,68.50983810154618,0.01350866391629918,0.20413904469046698,0.9623598392735743,0.0,0.0,0.0,0.0,False,2043.5427442522316,2.48495531858263,1440,2023-11-04,0.12989000671597725,0.5211118207585488,3.084
168,5,185,615.4912657298592,7094.601116707687,6739.871060872284,6802.9507754729,0.99072759502714,63.07971460061602,0.09132092590065088,0.2062837894897731,0.9724937633417043,0.0,0.0,0.0,0.0,False,1254.5856764923356,2.6238790554922304,1440,2023-07-04,0.12924055668239737,0.449555083155457,2.992
169,5,230,886.7625665477439,8203.629228097769,7793.447766692914,7809.735061367996,0.9979144881936329,16.28729467508233,0.11378308973052043,0.17026267159226574,0.951000526804532,0.0,4.166666666666667,498.2607110042915,0.0,False,2106.0,4.048301161323063,1572,2023-09-26,0.12859435389898535,0.38727706504002146,3.002
170,5,259,752.750162742956,9073.04202213605,8619.389921029271,8706.023844244144,0.9900489678451605,86.63392321487113,0.08733218587854157,0.20963607159032396,0.9510572123854784,0.0,0.6944444444444444,6.538421593735625,0.0,False,1398.8235439759508,3.7486338468512086,1460,2023-06-05,0.12795138212949045,0.418187976342576,2.973
171,5,286,1189.7477724354899,10020.251566043476,9519.238987741306,9573.61432549201,0.9943202915950022,54.375337750704425,0.12498349647147469,0.21509406483512492,0.9700304775260797,0.0,0.0,0.0,0.0,False,1933.4673023491468,2.495225582541443,1440,2023-03-07,0.12731162521884298,0.35581342180937525,3.164
172,5,197,975.057027600611,6901.494093739487,6556.419389052495,6604.713724873956,0.9926878986988368,48.29433582146179,0.1487179159448984,0.22344611354299676,0.9781995931266092,0.0,0.0,0.0,0.0,False,1414.8562073034552,1.8282714698547264,1440,2023-01-25,0.12667506709274878,0.2931514898024964,3.037
173,5,127,422.0395900809797,4605.1393314158995,4374.882364845089,4390.577880174053,0.9964251823433453,15.69551532896338,0.09646878587464003,0.1695109832660456,0.9523511291477125,0.0,0.0,0.0,0.0,False,960.9328530286125,3.610339255904762,1440,2023-08-27,0.12604169175728502,0.22347513136252536,2.976
174,5,250,1399.1490963234066,8841.467478989896,8399.394105040443,8437.740449873192,0.9954553775313952,38.34634483274853,0.16657738389531965,0.18206445336932575,0.9733316335350046,0.0,0.0,0.0,0.0,False,1727.7927628297618,2.341006083050436,1440,2023-02-07,0.1254114832984986,0.2879157820565388,2.996
175,5,215,889.7920778339491,7675.958086586755,7292.160182257406,7338.976806640156,0.9936208240445192,46.81662438274973,0.12202036921773976,0.19859608850586372,0.9804176209998148,0.0,0.0,0.0,0.0,False,1552.794014882474,2.126130454358643,1440,2023-11-29,0.12478442588200611,0.31274744571606694,3.052
176,5,277,1286.0144729243639,9911.990946802256,9416.391399462154,9477.719346662527,0.9935292505552015,61.3279472003715,0.1365719008874056,0.21052130338023983,0.9577734571879231,0.0,0.0,0.0,0.0,False,2285.8586108774707,2.873479751151944,1440,2023-01-28,0.12416050375259607,0.29631337491801274,3.086
177,5,203,595.3792661721401,7252.41182267978,6889.791231545801,6927.41564142799,0.9945687667913004,37.624409882189426,0.08641470345953577,0.19171730683302868,0.9777288506818583,0.0,0.0,0.0,0.0,False,1280.1363967900334,2.1113764782884266,1440,2023-11-07,0.12353970123383311,0.2564045803869299,2.953
178,5,186,175.50280585696677,6267.475541300247,5954.101764235249,6007.605993950663,0.9910939183146681,53.50422971541322,0.029475949993190708,0.19796627883151066,0.985897777613886,0.0,0.0,0.0,0.0,False,1322.94378031025,1.6969935637252196,1440,2023-11-02,0.12292200272766393,0.2662604718242768,3.045
179,5,131,441.8601429309581,4518.630393473615,4292.698873799906,4331.262916978045,0.9910963513604838,38.56404317813856,0.10293294636337315,0.2154448637736855,0.9516973707814533,0.0,0.0,0.0,0.0,False,689.3442180438949,3.634213140223692,1440,2023-08-19,0.1223073927140256,0.2604991326359184,2.908
180,5,202,725.3078028369906,7069.812227067588,6716.321615714183,6793.1927472641655,0.9886840938554348,76.87113154998256,0.1079918211688951,0.2243762935599424,0.981604077934079,0.0,0.0,0.0,0.0,False,1428.9747886116554,1.8878930600948964,1440,2023-12-05,0.12169585575045548,0.2166649312237628,3.034
181,5,236,847.4006731377681,8321.751809061896,7905.664218608796,8000.592684842721,0.9881348207597459,94.92846623392582,0.10718905454434921,0.22895839439628016,0.9510154367918964,0.0,0.2777777777777778,1.4335243152382866,0.0,False,1700.3930524254847,3.2646127649184544,1448,2023-06-22,0.1210873764717032,0.16072960988627594,3.213
182,5,259,799.7954175561102,8731.358329647834,8294.790413165392,8379.149269545183,0.9899322886290615,84.35885637979169,0.0964214136485817,0.22999988676866442,0.9733403565964467,0.0,0.0,0.0,0.0,False,1707.4782370422813,2.1844231305605235,1440,2023-03-26,0.12048193958934468,0.10445281125652943,3.113
183,5,274,1294.7294977676704,9302.22813247571,8837.116725851927,8922.292765075927,0.990453570459221,85.1760392239989,0.14651039902868934,0.21724233698218265,0.9648710642689882,0.0,0.0,0.0,0.0,False,2022.694853425026,2.666189733568938,1440,2023-02-22,0.11987952989139797,0.05564009479505361,3.008
184,5,158,598.0111927729633,6141.947604329817,5834.850224113334,5860.840897565102,0.9955653678531752,25.99067345176908,0.10248955325392904,0.2134144311562624,0.9886555211306267,0.0,0.0,0.0,0.0,False,1127.5384094349602,1.6608620062013553,1440,2023-09-22,0.11928013224194098,0.043794414307023716,3.027
185,5,227,459.17187878196603,7745.044484100892,7357.792259895861,7420.703059862374,0.9915222588130781,62.91079996651368,0.0624062031874307,0.2152937726631105,0.9634719170637766,0.0,0.0,0.0,0.0,False,2111.456201823817,2.628656243491723,1440,2023-12-18,0.11868373158073126,0.042068541175811214,3.224
186,5,265,1291.0594448230322,9391.964333432208,8922.366116760546,8971.694017942806,0.9945018297454631,49.3279011822611,0.1446992230455321,0.20376208144276442,0.963541974516034,0.0,0.0,0.0,0.0,False,1992.1987866019883,2.6287255905919835,1440,2023-01-25,0.11809031292282761,0.03578860272261988,3.284
187,5,167,905.5010605547247,6070.653518214001,5767.120842303279,5811.542026649517,0.9923563859398178,44.42118434623803,0.15701093930833687,0.20060422794953206,0.9842452954530575,0.0,0.0,0.0,0.0,False,1315.102871144168,1.890797757225041,1440,2023-02-06,0.11749986135821347,0.05594626857268996,3.2
188,5,182,558.1350605752973,6281.713747938843,5967.62806054191,6001.878827711821,0.9942933257812921,34.25076716991104,0.09352711913560746,0.1856541763715538,0.952229766192112,0.0,0.0,0.0,0.0,False,843.0801063500398,3.250376346607908,1440,2023-07-21,0.11691236205142241,0.07898946754038064,3.024
189,5,272,946.853349896589,8865.309669397617,8422.044185927696,8458.1872424273,0.9957268554758038,36.14305649960489,0.11242559751451746,0.20079266234636808,0.9548222480310714,0.0,0.0,0.0,0.0,False,2144.9824676984667,2.7790031925887515,1440,2023-10-26,0.11632780024116529,0.13103143136750767,3.037
190,5,225,632.7166792868946,7789.174153104642,7399.715445449419,7477.932321528738,0.9895403070372629,78.21687607931916,0.08550554192945277,0.24397720257675423,0.9587047337948238,0.0,0.0,0.0,0.0,False,1557.1408494963243,3.1223225309139986,1440,2023-06-07,0.11574616123995946,0.13932070016729942,3.011
191,5,212,572.2592863236233,7558.2158150541045,7180.305024301391,7207.795162157445,0.9961860545093758,27.490137856053906,0.07969846467341425,0.17151654400974953,0.9536437535546194,0.0,0.0,0.0,0.0,False,1835.4266750107456,3.085143527441195,1440,2023-08-01,0.11516743043375967,0.048747266571445624,3.024
192,5,241,269.2848531265185,8476.722125744203,8052.886019457029,8105.553927587709,0.993502244436198,52.6679081306803,0.03343954608023562,0.18433003141680268,0.9710136433252562,0.0,0.0,0.0,0.0,False,1678.8507510279644,2.4928770457629588,1440,2023-05-20,0.11459159328159088,0.13712614134168544,3.017
193,5,212,835.7592241803748,7942.165677238998,7545.057393377025,7613.276985531807,0.9910393918040252,68.21959215478273,0.11076910096323399,0.21753207831849072,0.9642810721822093,0.0,0.0,0.0,0.0,False,1284.430579808717,3.033287460677145,1440,2023-06-29,0.11401863531518291,0.18042306729152024,3.022
194,5,297,1386.6568792913322,10605.777920071072,10075.489024067552,10133.931152567677,0.9942330249120237,58.44212850012444,0.13762675697219193,0.2173961733624664,0.9619994322599238,0.0,0.0,0.0,0.0,False,2097.0292119973083,2.557683490927701,1440,2023-01-21,0.113448542138607,0.14113950095174982,3.082
195,5,256,388.8047651490394,9344.875018776058,8877.631267837249,8925.517621217623,0.9946348934131798,47.88635338037343,0.04379600294479895,0.1849177932580009,0.9819848530934493,0.0,0.0,0.0,0.0,False,1469.9799788395048,1.9705526833989693,1440,2023-10-10,0.11288129942791396,0.10914183011506372,3.058
196,5,129,521.0575803659151,4656.175012596585,4423.366261966767,4451.315117238121,0.9937212139479589,27.948855271354642,0.11779661676359503,0.18571934241969176,0.9554857945365021,0.0,0.0,0.0,0.0,False,1301.7508538983304,3.1244872885721833,1440,2023-09-26,0.11231689293077439,0.15575024001263887,3.049
197,5,146,511.9086517105541,5415.133952702505,5144.3772550673575,5171.86342118225,0.994685442387686,27.486166114892615,0.09950838096220677,0.19212211996742884,0.9832399942581951,0.0,0.0,0.0,0.0,False,1066.3348002456719,1.7364252960770599,1440,2023-12-11,0.11175530846612053,0.1919875926539945,3.023
198,5,218,1029.700803880133,7838.146736970656,7446.239400122165,7485.049082488453,0.9948150396959875,38.80968236628779,0.13828467613641854,0.1859843532274273,0.9787772985350666,0.0,0.0,0.0,0.0,False,1340.3604812389917,1.8305954970894747,1440,2023-03-02,0.1111965319237899,0.207285258163686,3.036
199,5,268,920.2890802628169,9619.3909898965,9138.421440401753,9191.354615533768,0.9942409821678998,52.93317513201543,0.10070547591448772,0.1995591335262276,0.9537571269144653,0.0,0.0,0.0,0.0,False,1822.8877255579623,2.9863685599060275,1440,2023-09-15,0.11064054926417097,0.23372725973807126,3.02
200,5,132,408.6969919488602,5053.921748332006,4801.225660915403,4818.583780597517,0.9963976719151365,17.358119682113912,0.08512347071621248,0.19353498490769058,0.9966967380879006,0.0,0.0,0.0,0.0,False,879.6298505187799,1.3455749370346566,1440,2023-02-17,0.11008734651785011,0.2250383876639074,2.96
201,5,243,790.0134641730153,8012.29584767973,7611.681055295729,7650.7919654499065,0.9948879919450433,39.11091015417827,0.10378961735704542,0.18935999939340328,0.9516927632241217,0.0,0.0,0.0,0.0,False,1535.1716244712256,3.650944990360489,1440,2023-09-01,0.10953690978526086,0.23166366771997324,3.322
202,5,257,1020.0974804849908,8615.539607724524,8184.762627338261,8236.530778165672,0.9937148112206848,51.768150827409315,0.12463372817651686,0.2037769988838545,0.9782575557042034,0.0,0.0,0.0,0.0,False,1580.8705668599623,2.0362185096147827,1440,2023-03-19,0.10898922523633456,0.24668085992658775,3.102
203,5,262,1414.030825554718,9191.527766615969,8731.951378285143,8768.505259524787,0.9958312300491652,36.55388123964562,0.16193755144711053,0.18698402373894304,0.9628495094909346,0.0,0.0,0.0,0.0,False,2112.125055714186,2.788384949773546,1440,2023-01-22,0.10844427911015289,0.22678836486869397,3.789
204,5,278,315.0520445242891,10102.424527913381,9597.303301517735,9685.074539194351,0.9909374742216577,87.77123767661499,0.032827142648963296,0.19918746442026417,0.9512692198775813,0.0,0.0,0.0,0.0,False,1988.4293107465328,3.2209943182898826,1440,2023-09-18,0.10790205771460211,0.24846971295423703,4.213
205,5,154,593.153394077716,5327.31768720473,5060.951802844486,5077.277470276978,0.9967845626857967,16.325667432493116,0.11720194484846441,0.17142795542313832,0.9891040855688742,0.0,0.0,0.0,0.0,False,1058.361270493313,1.7824965695825385,1440,2023-02-20,0.10736254742602912,0.23900784870275177,4.247
206,5,220,713.2748071041029,7937.319715619978,7540.45372983897,7597.669929672407,0.9924692438125033,57.21619983343692,0.09459308851422861,0.22117257014287073,0.9510007585621243,0.0,2.0833333333333335,54.44034641759568,0.0,False,1753.7677250824227,3.2524148992099207,1520,2023-06-12,0.10682573468889896,0.29393787932408355,4.577
207,5,265,719.3502377405521,9339.685572983311,8872.701294334147,8911.912923218953,0.9956000884184308,39.21162888480447,0.08107454695898628,0.16852104719366304,0.9522277500279959,0.0,0.0,0.0,0.0,False,1993.3490027285384,3.1200992048879925,1440,2023-05-22,0.10629160601545447,0.2273851229305941,4.369
208,5,184,556.003129322935,6369.625463849353,6051.144190656874,6092.528630397205,0.9932073458737882,41.38443974033221,0.09188396637142088,0.21637332243881138,0.9643356659994314,0.0,0.0,0.0,0.0,False,1251.4181170381894,2.9258666234909034,1440,2023-07-24,0.1057601479853772,0.29155021594437636,3.002
209,5,154,469.86026728549155,5638.267826590366,5356.354435260817,5392.552728773498,0.9932873547402634,36.198293512679975,0.0877201598520828,0.2079991477798414,0.9786874893437941,0.0,0.0,0.0,0.0,False,1240.6558137375935,2.305729653687931,1440,2023-09-30,0.10523134724545032,0.23678861869413517,3.013
210,5,206,115.72368108442278,7527.158502875994,7150.800577732195,7191.893582002183,0.9942862051834549,41.09300426998889,0.016183318193041175,0.1775208020671573,0.9788143352039778,0.0,0.0,0.0,0.0,False,1397.3286811843336,1.9854919479915831,1440,2023-11-18,0.10470519050922306,0.21100256775468412,2.981
211,5,134,413.2655693046876,4464.309159498863,4241.093701523896,4297.531519562261,0.986867387061279,56.4378180383651,0.097443159333215,0.22184291392792124,0.9641967543172479,0.0,0.0,0.0,0.0,False,1207.2019464610357,2.6903736656874404,1440,2023-09-07,0.10418166455667695,0.25855004746767046,3.014
212,5,159,599.440499704129,5630.564504085219,5349.036278880938,5379.811608604938,0.9942794781745191,30.775329724000166,0.11206514004603776,0.20396179037818593,0.9907259698717318,0.0,0.0,0.0,0.0,False,855.7591854729163,1.35726506119999,1440,2023-01-05,0.10366075623389356,0.19798723944798277,3.109
213,5,274,289.39061696250445,9401.165306980181,8931.107041631187,8967.53987255367,0.9959372546495175,36.43283092248451,0.03240254714376929,0.1564010185852521,0.964535898042032,0.0,0.0,0.0,0.0,False,1457.103207497954,2.202324878884496,1440,2023-05-20,0.10314245245272409,0.18867737532274104,3.097
214,5,240,898.4904777168875,8150.996671017478,7743.446837466601,7818.9495659645045,0.99034362252104,75.50272849790306,0.11603236860483745,0.2027146549417374,0.9679209784854236,0.0,0.0,0.0,0.0,False,1600.8049237132072,2.6389467133682984,1440,2023-10-12,0.10262674019046046,0.2880431310377395,3.008
215,5,275,976.4316716103494,10005.359707500444,9505.091722125397,9587.441034479347,0.9914107099008175,82.34931235395075,0.10272722243568348,0.21516044492232547,0.951881928941099,0.0,0.0,0.0,0.0,False,1985.9244087389654,3.2771172899118435,1440,2023-09-05,0.10211360648950817,0.26551000287838367,3.053
216,5,272,945.483775879232,9853.86990321542,9361.176408054675,9415.011256541904,0.994282019742693,53.8348484872303,0.10100052970540173,0.19998051772969747,0.9510022190633722,0.0,2.0833333333333335,84.2345797953239,0.0,False,1782.2226141469305,3.462154759744392,1497,2023-06-27,0.10160303845706062,0.219344740147489,3.062
217,5,278,1294.8631075062522,9648.80095927205,9166.360911308495,9211.217512701387,0.9951302201548232,44.85660139289263,0.14126250537536503,0.21022741649776588,0.966449013880273,0.0,0.0,0.0,0.0,False,1698.3479316318567,2.320270872158721,1440,2023-03-05,0.10109502326477533,0.21580934390007003,2.996
218,5,176,404.2696492577347,5881.2791842720335,5587.215225058454,5597.468229157761,0.9981682782859047,10.253004099306805,0.07235619767153416,0.16947750565632022,0.9803720589729618,0.0,0.0,0.0,0.0,False,1471.0981695803682,1.999382082482456,1440,2023-03-30,0.10058954814845145,0.18992647878749605,2.992
219,5,205,767.6172402393546,7552.991150666297,7175.341593132984,7201.815274623251,0.9963240265848596,26.47368149026658,0.1069798880340397,0.16267068994257072,0.9516475038445105,0.0,0.0,0.0,0.0,False,1608.745462719311,3.202477607320804,1440,2023-09-13,0.10008660040770918,0.26039611526580125,3.068
220,5,231,695.9773291771206,8167.708072913714,7759.322669267983,7791.1722850796505,0.9959120893947294,31.849615811667466,0.0896956292246549,0.179959424822541,0.9680807741830866,0.0,0.0,0.0,0.0,False,1883.3695074309974,2.5631998317171742,1440,2023-04-12,0.09958616740567064,0.3336132845215658,3.03
221,5,169,541.2611702637255,5923.713635195297,5627.527953435534,5686.019136170644,0.9897131576003626,58.4911827351101,0.09618098297198016,0.2222619629460344,0.9560371372035559,0.0,0.0,0.0,0.0,False,1152.1862257023197,3.4645663971326646,1440,2023-05-17,0.09908823656864228,0.3551538319491159,3.198
222,5,286,24.4873320228233,10068.425735479428,9565.00444870547,9634.09405708086,0.9928286346421321,69.08960837539155,0.0025600962502570945,0.17853718249644054,0.9526652322433391,0.0,0.0,0.0,0.0,False,1268.861751035682,3.4951639369567737,1440,2023-07-01,0.09859279538579907,0.2782075878721687,3.134
223,5,121,179.50928988088853,4378.351264827661,4159.433701586247,4196.567908572355,0.9911512912944279,37.134206986107046,0.04315714656358885,0.2328982681396674,1.0000506046976876,0.0,0.0,0.0,0.0,False,754.4131640950498,1.405534713785078,1440,2023-01-11,0.09809983140887008,0.3139182504748953,3.019
224,5,271,637.1870214527988,9575.737578688002,9096.950699753565,9160.553519832418,0.993056880248431,63.60282007885118,0.0700440227152226,0.1871947896026305,0.9510000122381935,0.0,7.708333333333333,213.11949358227997,0.0,False,1990.6386278179625,3.8950761084514394,1733,2023-08-08,0.09760933225182573,0.22124747873499423,3.166
225,5,236,378.4325711683874,8506.130381628693,8080.8238625472995,8128.970318628934,0.9940771765433442,48.14645608163486,0.04683093922172126,0.19040039016186253,0.9708031920910556,0.0,0.0,0.0,0.0,False,1636.7192904395906,2.3980254031008235,1440,2023-01-29,0.0971212855905666,0.24829877464442301,3.194
226,5,165,489.6986234735927,5942.324128546767,5645.207922119399,5663.622338421685,0.9967486503862796,18.414416302285357,0.086745896737448,0.1799617552057138,0.9603924407061092,0.0,0.0,0.0,0.0,False,1212.3300882863311,3.178079628016077,1440,2023-06-08,0.09663567916261376,0.2633674706335624,3.187
227,5,250,736.4056622093174,8657.260857185667,8224.397814326385,8301.998158123111,0.9906528112487235,77.60034379672587,0.08953915883379875,0.22601568031801428,0.9651509189056099,0.0,0.0,0.0,0.0,False,1678.5702640519846,2.639525399331007,1440,2023-09-28,0.0961525007668007,0.2993893365681155,3.064
228,5,194,699.1160305986587,6418.383070955181,6097.463917407404,6114.226819989571,0.9972583773753104,16.76290258216684,0.1146568540738356,0.16751943879579861,0.9642329106648071,0.0,0.0,0.0,0.0,False,1615.7447323146462,2.5589086222721,1440,2023-06-20,0.09567173826296668,0.22558741005279617,3.039
229,5,271,748.2069644380803,9943.788712767322,9446.59927712895,9493.649615168219,0.9950440199558138,47.050338039267196,0.0792038428315209,0.1977173336873431,0.9749678973585976,0.0,0.0,0.0,0.0,False,1790.2992692688374,2.2482210964664198,1440,2023-04-11,0.09519337957165185,0.29686162824962525,3.033
230,5,300,937.4392152466004,10636.476214064789,10104.652403361535,10176.46906866052,0.9929428699861966,71.81666529898484,0.09277302947449638,0.21249714649096182,0.9510024512716478,0.0,2.1527777777777777,98.69667744210342,0.0,False,2267.348691641279,3.595380430080299,1474,2023-07-24,0.09471741267379359,0.2875597673613235,3.104
231,5,171,870.6369454476638,6079.794019979042,5775.804318980087,5819.541944305026,0.9924843525927776,43.737625324938655,0.15073864995506012,0.21134090776316192,0.996890536117423,0.0,0.0,0.0,0.0,False,969.6266516184894,1.3876888739816802,1440,2023-01-20,0.09424382561042462,0.2469778331581728,2.994
232,5,205,481.9040042005151,7488.284336775631,7113.870119936833,7179.472048630623,0.9908625692461185,65.60192869378939,0.06774146787554705,0.20463524758978832,0.9741575691282408,0.0,0.0,0.0,0.0,False,1108.1387933535352,2.63149120865857,1440,2023-05-19,0.0937726064823725,0.21648896560865394,3.032
233,5,158,535.4376717280331,5579.854025182896,5300.861323923762,5327.76390823745,0.9949504924059993,26.90258431368687,0.10100956033531842,0.18177937526135243,0.9857813817199625,0.0,0.0,0.0,0.0,False,1242.122717258474,1.6618847831937513,1440,2023-02-16,0.09330374344996065,0.20661856157097133,3.021
234,5,245,593.3524820494926,8906.480664847122,8461.156631604701,8537.539089887361,0.9910533401395334,76.38245828265991,0.07012663964086908,0.2223612177790553,0.973987467026961,0.0,0.0,0.0,0.0,False,1526.462240271537,2.2259918048471685,1440,2023-12-15,0.09283722473271083,0.24991618870031662,3.043
235,5,235,1398.7909574420432,9246.438374589827,8784.116455860318,8796.584812516134,0.998582591207661,12.468356655816608,0.15924093953795895,0.19024098169581707,0.9629455239533607,0.0,0.0,0.0,0.0,False,1860.1694145472147,2.3824235437840273,1440,2023-01-24,0.09237303860904728,0.19415617597589377,3.046
236,5,272,1500.1402836124814,9721.676835028717,9235.592993277318,9285.860254715797,0.9945866877101719,50.267261438478215,0.16243031548753273,0.23078246976180478,0.9620744431087435,0.0,0.0,0.0,0.0,False,2161.0641672597385,2.8285102667731037,1440,2023-01-24,0.09191117341600205,0.2207006360946887,3.025
237,5,265,1249.0778231160791,9499.240472621586,9024.278448990515,9148.192793349901,0.986454773400768,123.9143443593877,0.13841304101778962,0.21656042002439166,0.9814559594780161,0.0,0.0,0.0,0.0,False,1575.149330317974,2.3312567851665067,1440,2023-02-04,0.09145161754892205,0.1512058069564615,3.94
238,5,296,922.6863417915487,10514.581328856324,9988.852262413488,10034.513688558674,0.9954495626233237,45.66142614518528,0.09237160762337784,0.1940496477838003,0.9518048963187653,0.0,0.0,0.0,0.0,False,2264.4840466083842,2.962159614565331,1440,2023-01-15,0.09099435946117741,0.12607043206696902,4.405
239,5,294,702.2305288133776,10465.422044008767,9942.150941808388,10046.105930150643,0.9896522106112516,103.95498834225565,0.0706316503263275,0.2581645389937976,0.9770999367412505,0.0,0.0,0.0,0.0,False,1484.5806479100747,2.178465816252635,1440,2023-02-19,0.09053938766387153,0.155783348695486,4.094
240,5,281,1154.2743390387218,10124.919977901996,9618.673979006882,9732.2864838506,0.9883262268294053,113.6125048437182,0.12000347881194112,0.25391507577246597,0.9510000405219549,0.0,1.3194444444444444,11.973145404976918,0.0,False,1507.1900741434615,3.538508525345472,1476,2023-08-21,0.09008669072555218,0.035592694386615636,4.541
241,5,147,765.4765577829759,5500.029278129951,5225.027814223433,5259.527062159228,0.9934406178487022,34.49924793579528,0.14650191061169393,0.21123916598151365,0.988342972749862,0.0,0.0,0.0,0.0,False,988.6801651278981,1.6063550023967756,1440,2023-02-12,0.08963625727192442,-0.053906763762174376,4.445
242,5,127,289.7688626209004,4821.131906518595,4580.075311192657,4607.711026245257,0.9940022898799016,27.635715052600233,0.0632672702810741,0.22826346873222278,0.9950915534191955,0.0,0.0,0.0,0.0,False,953.750166837672,1.4694358168409156,1440,2023-12-17,0.08918807598556479,-0.03218128704018697,3.899
243,5,207,650.5925585695181,7351.40811417575,6983.837708466948,7038.113005547919,0.9922883737390708,54.27529708096965,0.09315688389791241,0.22013649139352834,0.9797818322142559,0.0,0.0,0.0,0.0,False,1503.726070565722,2.120163276575992,1440,2023-12-07,0.08874213560563697,-0.05366754515076827,3.933
244,5,182,563.9746212402581,6132.02232009502,5825.421204090283,5868.360755705371,0.9926828711794276,42.939551615088405,0.09681267696905194,0.18514074404201247,0.9616160603995395,0.0,0.0,0.0,0.0,False,1026.8727720971929,3.1305964594815228,1440,2023-07-08,0.08829842492760878,-0.05398402606378194,4.282
245,5,281,876.8529398732309,10014.423532900184,9513.702356255108,9580.475842014957,0.9930302537305072,66.77348575984912,0.09216737154875505,0.22293708888618613,0.9731087075487327,0.0,0.0,0.0,0.0,False,1484.6061568264677,2.6815549483851835,1440,2023-07-04,0.08785693280297073,0.023496396177041384,3.939
246,5,264,1054.93673125799,9697.850868222022,9212.958324810854,9272.95477265329,0.9935299535786187,59.99644784243631,0.1145057530996319,0.22327533498392424,0.966442966064932,0.0,0.0,0.0,0.0,False,1818.0797404730538,2.409892013239308,1440,2023-04-17,0.08741764813895588,0.00118192086820873,3.062
247,5,196,215.45929535594138,7025.109214925187,6673.853754178903,6748.8864049991735,0.9888822175515222,75.03265082027212,0.03228409001636113,0.22643704601396755,0.9631739153365458,0.0,0.0,0.0,0.0,False,819.3384438011543,3.0715090204618294,1440,2023-07-22,0.08698055989826112,-0.01857756754307749,3.071
248,5,224,227.95714038321736,8410.94183449964,7990.394742774732,8054.460544429774,0.9920459227155383,64.06580165504153,0.028528895970921373,0.23288288633009901,0.9860720777213391,0.0,0.0,0.0,0.0,False,1517.2138526593199,1.85929731565371,1440,2023-01-10,0.08654565709876981,-0.042662774838900075,3.108
249,5,226,808.9587763050306,8099.726644163008,7694.74031195488,7770.594563406614,0.9902382950451504,75.85425145173355,0.10513139410932393,0.21198736524448294,0.9690991200708402,0.0,0.0,0.0,0.0,False,1729.8807543079154,2.366166915493437,1440,2023-03-11,0.08611292881327597,-0.07775593368755235,3.048
250,5,281,1060.4548406721965,10142.23565186123,9635.123869268129,9698.731324439115,0.9934416726226134,63.60745517098719,0.110061360399796,0.21463090530497897,0.9607953919537461,0.0,0.0,0.0,0.0,False,2132.345513785488,2.6447057493824335,1440,2023-04-15,0.08568236416920957,-0.06045968264034296,3.133
251,5,124,414.73278389755717,4410.802347394293,4190.262230024581,4229.815196929558,0.9906490082749506,39.55296690497726,0.0989753769885481,0.20588522929435782,0.9664449652239363,0.0,0.0,0.0,0.0,False,1133.825959509186,2.8880658084522293,1440,2023-09-17,0.08525395234836353,-0.05317001520091563,3.061
252,5,208,834.906695036286,7205.0821476317205,6844.82804025009,6896.931850856225,0.9924453638613718,52.103810606134445,0.12197628488644705,0.21275523550892214,0.9820809834890464,0.0,0.0,0.0,0.0,False,1292.722411248947,1.7898068840666705,1440,2023-04-03,0.0848276825866217,-0.028392055490725154,3.171
253,5,241,940.9622295808355,8696.891052484503,8262.046499860244,8328.13351788414,0.9920646063272186,66.08701802389426,0.11388972811963141,0.22240363821308407,0.9675538999258267,0.0,0.0,0.0,0.0,False,1589.5272222794226,2.637275733140745,1440,2023-10-12,0.08440354417368859,-0.02432146317006037,3.198
254,5,202,790.4075985062541,7131.094065061748,6774.539361808675,6795.577765545846,0.996904103747611,21.038403737171613,0.11667326091013074,0.1666538550339337,0.9816778698476721,0.0,0.0,0.0,0.0,False,1410.1279654090204,1.9430001477281469,1440,2023-03-15,0.08398152645282016,-0.043411657173339,3.046
255,5,286,879.1031237378077,9819.784189553195,9328.794980075492,9418.178074559512,0.9905095132225773,89.38309448401927,0.09423544258560751,0.22993277711164642,0.9563162896725149,0.0,0.0,0.0,0.0,False,1827.424995865178,3.303856708390605,1440,2023-07-21,0.08356161882055606,0.06563301786647222,3.012
256,5,292,1346.3855779115513,10208.541444110824,9698.11437190526,9809.363327124296,0.9886589015505811,111.2489552190367,0.13882962463424164,0.23164997157447256,0.9724365840615323,0.0,0.0,0.0,0.0,False,1836.5765696763992,2.6112000341489523,1440,2023-02-04,0.08314381072645327,0.012158490471770894,3.383
257,5,269,1026.1901809715043,9851.386168707746,9358.816860272425,9434.426719671712,0.9919857494635437,75.60985939928442,0.10964956321857472,0.2155858104231825,0.9510044930369158,0.0,4.513888888888889,183.1337076699714,0.0,False,2047.8885302760393,3.7218805333917127,1559,2023-08-28,0.082728091672821,-0.035981457840931264,2.995
258,5,204,28.72181578262617,7284.508285429784,6920.282871158267,6942.226581758621,0.9968390961686538,21.943710600353263,0.004150381757128798,0.18048895260779213,0.9727052489791829,0.0,0.0,0.0,0.0,False,1697.205819983657,2.404901527518098,1440,2023-10-28,0.0823144512144569,-0.039931552479414045,2.984
259,5,280,874.3618029601685,10052.709358468917,9550.073890545493,9682.042152286689,0.9863697906221129,131.96826174119528,0.09155550134808702,0.2656192376021846,0.9745829555349081,0.0,0.0,0.0,0.0,False,1584.7114860042473,2.634191250864388,1440,2023-07-07,0.0819028789583846,0.03509701137326897,2.973
260,5,133,446.9757707177565,4895.3113961763975,4650.545826367583,4663.272583407252,0.9972708528587942,12.726757039669494,0.09611253977619168,0.18037230325736633,0.9798879775846481,0.0,0.0,0.0,0.0,False,1104.2945688449063,2.3528406280326473,1440,2023-05-09,0.0814933645635927,-0.09544772641235727,2.983
261,5,239,837.3520206466858,8543.023098878632,8115.871943934665,8175.5486004786335,0.9927005930170271,59.67665654396883,0.1031746220777269,0.2179451385890078,0.966295082420358,0.0,0.0,0.0,0.0,False,1620.368768484969,2.5084515642545946,1440,2023-04-18,0.08108589774077472,-0.01135887624512641,2.987
262,5,168,699.6313646896833,5728.525405217342,5442.099134956468,5521.593032974964,0.9856030863658806,79.49389801849509,0.1285590995937048,0.26764300018618364,0.9875898047989475,0.0,0.0,0.0,0.0,False,1132.6780748847027,1.5980764061832873,1440,2023-10-15,0.08068046825207086,-0.027645290770403286,3.112
263,5,164,479.79221124350596,5937.698930626611,5640.813984095255,5691.332623238187,0.9911235834404302,50.518639142930354,0.08505726524510825,0.22989539041977003,0.98894279140865,0.0,0.0,0.0,0.0,False,1064.681606359216,1.8110369074821886,1440,2023-11-07,0.0802770659108105,-0.15339186791372086,3.064
264,5,242,1030.7821998959446,8444.393338997428,8022.173672047601,8074.447054669033,0.9935260727740849,52.27338262143195,0.12849163356904053,0.19369847075798247,0.9752368375905627,0.0,0.0,0.0,0.0,False,1747.4235642615092,2.2316513395044524,1440,2023-10-15,0.07987568058125645,-0.17243915766325346,3.079
265,5,259,772.5880055112852,9311.90795702242,8846.312559171292,8893.859650501348,0.9946539417982185,47.54709133005647,0.08733446849674278,0.19252360024513238,0.9799458087668602,0.0,0.0,0.0,0.0,False,1488.4501686705355,2.1495628690824153,1440,2023-12-08,0.07947630217835017,-0.10772868974484603,3.042
266,5,280,982.666072958431,10058.824504110256,9555.883278904703,9642.623622169383,0.9910044872989489,86.74034326468052,0.10283362032348561,0.24507760708190288,0.9528106097822764,0.0,4.166666666666667,358.1582672302965,0.0,False,2196.5559677087904,3.7660496611730556,1500,2023-06-27,0.0790789206674584,-0.05300178029410653,3.34
267,5,158,654.7889498664281,5617.682508333361,5336.798382916696,5352.994195253272,0.9969744386513744,16.195812336574306,0.12269321471135833,0.19494782825221701,0.9877616214399326,0.0,0.0,0.0,0.0,False,1010.9858101074823,1.8621736345555226,1440,2023-04-13,0.07868352606412113,-0.12709294812850513,3.078
268,5,277,1584.0661865342884,9481.097416150935,9007.042545343367,9143.962582947195,0.9850261813342092,136.9200376038292,0.17586973510558682,0.2711384999300157,0.9756907820164962,0.0,0.0,0.0,0.0,False,1548.4679986190433,2.345179371844084,1440,2023-01-22,0.0782901084338005,-0.075827760383326,3.114
269,5,270,213.09692029464887,9894.84482459135,9400.102583361826,9426.995280830673,0.9971472673245597,26.892697468845526,0.02266963774117,0.1696474725091332,0.9510073997059681,0.0,0.9722222222222222,6.9833173243846804,0.0,False,2397.688954262547,3.077970125787349,1468,2023-10-29,0.0778986578916315,-0.2059920128748406,3.473
270,5,176,682.1403770296677,6144.441036807951,5837.218984967562,5875.646232852681,0.9934599112400165,38.42724788511939,0.11686050819514669,0.196463494602601,0.982553828803628,0.0,0.0,0.0,0.0,False,1449.4512367878433,2.034361141266392,1440,2023-01-18,0.07750916460217336,-0.0853255281675674,2.94
271,5,131,309.74358602883785,4580.843269432375,4351.801105960756,4378.750143118996,0.9938454955689607,26.949037158239413,0.07117595186153507,0.2247131191415666,0.9722291816547227,0.0,0.0,0.0,0.0,False,793.2836063807171,2.7002832346642656,1440,2023-07-31,0.07712161877916247,-0.0476107637375081,3.099
272,5,259,716.1058326186096,8721.473482759222,8285.399808621269,8335.53106900999,0.9939858348587889,50.13126038872172,0.08642984637548506,0.2139477733840467,0.9663066197187115,0.0,0.0,0.0,0.0,False,1988.6508111786902,2.503852257270332,1440,2023-11-06,0.07673601068526667,-0.08082378213626332,3.198
273,5,269,1003.9496103007885,9622.350384981832,9141.232865732654,9182.130863607472,0.9955459142891425,40.89799787481787,0.10982649988758642,0.1805777491186631,0.9511035323632052,0.0,0.0,0.0,0.0,False,2298.1857023779285,2.9032880118997317,1440,2023-03-28,0.07635233063184034,-0.08440782485792597,3.105
274,5,203,439.16484195984117,7133.152780738097,6776.495141701181,6818.547398360158,0.9938326663727394,42.05225665897652,0.06480707692938634,0.21566978546921056,0.9772685720522912,0.0,0.0,0.0,0.0,False,1487.0697870886088,1.9124866209184501,1440,2023-03-22,0.07597056897868114,-0.012889893107345354,3.15
275,5,149,556.960475420835,5600.54112628122,5320.514069967152,5363.944090614719,0.9919033420345382,43.43002064756783,0.10468170332726394,0.236358850729294,0.9637467636412906,0.0,0.0,0.0,0.0,False,641.6750947980115,3.0944747070151486,1440,2023-06-23,0.07559071613378773,-0.03366151695154581,3.033
276,5,146,527.2995156259472,5484.350977108846,5210.133428253386,5234.272520660056,0.9953882622061822,24.1390924066703,0.10120652817958942,0.1781451767323466,0.9706520263641912,0.0,0.0,0.0,0.0,False,1148.081556036716,2.743843031819002,1440,2023-08-11,0.07521276255311879,-0.09761270213555445,3.004
277,5,187,1081.0087081287004,6996.532703060036,6646.706067907063,6698.798301057928,0.9922236450763656,52.09223315086579,0.16263825977625818,0.19245799033956595,0.979763018337611,0.0,0.0,0.0,0.0,False,1303.0980512552014,1.967572953079242,1440,2023-02-06,0.0748366987403532,-0.019610826326094392,3.016
278,5,257,679.1166032456954,9067.511693357046,8614.136108689227,8721.877382779236,0.9876470088535368,107.7412740900099,0.07883745911103712,0.2521581581880515,0.9651837166719779,0.0,0.0,0.0,0.0,False,1031.6250241908701,2.9234490995499547,1440,2023-08-05,0.07446251524665143,0.011679584868612772,3.034
279,5,177,555.6199958339579,6471.412136417901,6147.841529597005,6183.731707631098,0.994196032471816,35.89017803409253,0.09037643425893235,0.2164186996756117,0.9903079432126471,0.0,0.0,0.0,0.0,False,1129.3884881156246,1.7495978266543397,1440,2023-12-14,0.07409020267041817,-0.09723636335169225,2.992
280,5,125,387.6834496554629,4469.094492507223,4245.639767881846,4265.325982605253,0.9953845931580163,19.686214723407236,0.09131331692063893,0.19346353402103425,0.9638774222903288,0.0,0.0,0.0,0.0,False,904.019133740922,3.0894630716486793,1440,2023-05-18,0.07371975165706608,-0.10656324818434934,3.003
281,5,245,961.130781261342,8670.778825329458,8237.23988406296,8279.781497844917,0.9948619883516213,42.541613781959015,0.11668116927381156,0.21050818638614358,0.9622318014543847,0.0,0.0,0.0,0.0,False,1696.8354218850914,2.58356298999794,1440,2023-10-09,0.07335115289878076,-0.06319656831145631,3.032
282,5,254,853.0699327752005,8731.07625269109,8294.522440056584,8364.681039182706,0.9916125194974587,70.15859912612234,0.10284738379336773,0.1862705529168454,0.9734570501442852,0.0,0.0,0.0,0.0,False,1727.4088661226776,2.519990685187991,1440,2023-09-09,0.07298439713428685,-0.0665268689356896,3.074
283,5,152,547.7882771002392,5504.009561392619,5228.809083322963,5248.879234865797,0.9961762977114204,20.07015154283491,0.10476348789390375,0.15082724635412778,0.9854218556631898,0.0,0.0,0.0,0.0,False,1403.5058687553765,1.8441984207982265,1440,2023-10-24,0.07261947514861541,-0.015181843448462531,3.042
284,5,221,238.77296654265808,7955.609688071348,7557.829203667754,7608.958196509759,0.9932804213768112,51.12899284200513,0.03159279736392871,0.19687622264635332,0.9542175583777259,0.0,0.0,0.0,0.0,False,1753.7883444750405,2.897419688402267,1440,2023-10-06,0.07225637777287233,0.10632808906159152,3.332
285,5,191,746.7607255451957,6519.795698924072,6193.805913977849,6209.218586932873,0.9975177757491965,15.412672955024119,0.12056572903906242,0.14802333402352172,0.9873976111518584,0.0,0.0,0.0,0.0,False,1271.184042741987,1.8118166580540118,1440,2023-11-29,0.07189509588400797,0.10238447609442092,3.061
286,5,210,642.8486325879591,7379.996866391464,7010.9970230718845,7025.993793563402,0.9978655303531216,14.996770491517658,0.0916914713374523,0.16078678248375597,0.9774850210720738,0.0,0.0,0.0,0.0,False,1577.4941414358468,2.129952536518199,1440,2023-04-23,0.07153562040458793,0.20930477398973787,3.075
287,5,121,57.37112701231139,4651.33670220213,4418.769867092038,4436.6794051960205,0.9959633012736941,17.909538103981973,0.012983506436841648,0.16982288723778863,0.998600268447886,0.0,0.0,0.0,0.0,False,797.380504144492,1.5411556996486624,1440,2023-12-30,0.071177942302565,0.2687220865692883,3.055
288,5,234,899.4050988056672,8570.494670552518,8141.969937024884,8207.486701619167,0.9920174388365005,65.51676459428313,0.11046529350540862,0.20462033862748452,0.9752717713990146,0.0,0.0,0.0,0.0,False,1127.1219640175304,2.4100259375223247,1440,2023-04-28,0.07082205259105216,0.2978853618121674,3.37
289,5,167,489.74287445388904,5850.394978738358,5557.875229801403,5571.7583661975195,0.9975083024992,13.883136396116056,0.08811692494064657,0.16036343664639746,0.9867716958716763,0.0,0.0,0.0,0.0,False,1279.4100531850195,1.8079402495084398,1440,2023-12-14,0.0704679423280969,0.2444305720177654,3.033
290,5,220,539.7453728677605,7640.464662336069,7258.441429219287,7334.0418316834475,0.9896918501149581,75.6004024641618,0.07436105645145574,0.20529248811014417,0.9644731650938885,0.0,0.0,0.0,0.0,False,1326.8541107968906,3.03548090729193,1440,2023-06-30,0.07011560261645643,0.30101375270831554,3.086
291,5,196,689.3285471363199,7650.768794340137,7268.230354623114,7300.511521151242,0.9955782322328234,32.28116652812789,0.09484131810680128,0.18045321663008648,0.9799188532309803,0.0,0.0,0.0,0.0,False,1520.9555778185913,1.9404663510212288,1440,2023-04-23,0.06976502460337414,0.24717175963500565,3.295
292,5,230,781.6807768223822,8297.168484568238,7882.310060339863,7933.527154856035,0.9935442214394108,51.21709451617086,0.09916899625091356,0.17576335728262435,0.9630221058581993,0.0,0.0,0.0,0.0,False,1731.1389340169876,2.9039454562990983,1440,2023-09-06,0.06941619948035727,0.25972190160098035,3.145
293,5,139,152.27871383064516,5078.584785378304,4824.655546109374,4835.865249404556,0.9976819653325611,11.20970329518223,0.03156260843397275,0.18079596182861807,0.990463633553073,0.0,0.0,0.0,0.0,False,1100.4202858298042,1.7110929129519992,1440,2023-01-04,0.06906911848295548,0.28129153787404554,3.169
294,5,185,557.0533262370374,6456.157914450501,6133.35001872796,6150.957590682641,0.9971374258893683,17.607571954681216,0.09082366480570903,0.1682378943717465,0.9664502583573897,0.0,0.0,0.0,0.0,False,1634.2074714128826,2.4368123358545457,1440,2023-10-30,0.0687237728905407,0.2884357187998806,3.341
295,5,234,866.5704964652364,8037.607406882345,7635.727036538232,7686.071645090724,0.9934498908054483,50.34460855249125,0.11348893069625872,0.18334329566322136,0.9699245396316062,0.0,0.0,0.0,0.0,False,1489.0300056984893,2.5149511232540296,1440,2023-10-12,0.068380154026088,0.32336691722707883,3.34
296,5,258,623.6471307743955,8957.395438903655,8509.525666958489,8590.22715364999,0.9906054304213351,80.70148669150322,0.07328811912465881,0.2234082805127438,0.9723740163534741,0.0,0.0,0.0,0.0,False,1504.596937485762,2.532039968311835,1440,2023-08-12,0.06803825325595757,0.3189128283444317,3.144
297,5,188,924.0211547106226,6798.717509396896,6458.781633927033,6486.174619694144,0.9957767116407972,27.39298576711052,0.14306431260299543,0.18614060539083388,0.9759027881631642,0.0,0.0,0.0,0.0,False,1396.5104376818035,2.1978101934540852,1440,2023-02-11,0.06769806198967777,0.22603617654372732,3.145
298,5,124,480.9305771094535,4658.375389816875,4425.456620325997,4458.718502385217,0.9925400354291427,33.261882059219914,0.10867366203535991,0.2201130259850524,0.9555109432533098,0.0,0.0,0.0,0.0,False,747.028986328021,3.4013682596107127,1440,2023-08-29,0.06735957167972938,0.23441671010182402,3.35
299,5,251,721.7952095120373,8804.475784242943,8364.251995030805,8407.11236552036,0.994901891562038,42.86037048955602,0.0862952491078527,0.2113837006076739,0.9510000736161394,0.0,4.027777777777778,120.54130829458035,0.0,False,1646.6555156043069,3.8821244723274355,1529,2023-06-06,0.06702277382133073,0.165376160341768,3.11
300,5,211,1045.010962040439,7806.691360997712,7416.356792947833,7471.384737188326,0.9926348399692771,55.027944240491834,0.1409062415975096,0.20901938872274653,0.9800794463421021,0.0,0.0,0.0,0.0,False,1412.129678534754,1.9639341803997494,1440,2023-03-02,0.06668765995222407,0.1287790513335722,3.176
301,5,238,850.0998546154284,8370.678841928982,7952.14489983254,7980.243628882205,0.9964789635058298,28.09872904966432,0.10690195731133247,0.1838546270873473,0.9612747911003549,0.0,0.0,0.0,0.0,False,1753.098841540294,3.1801493014379383,1440,2023-08-16,0.06635422165246296,0.10425188083771844,4.445
302,5,148,153.2815265206966,5294.021726631921,5029.320640300315,5072.379938131461,0.9915110267061328,43.059297831145315,0.030477580866974455,0.22571584140287146,0.9510000220147792,0.0,3.3333333333333335,104.67402131320509,0.0,False,653.1406905516926,3.7963801243053186,1590,2023-07-02,0.06602245054420065,0.14079988868454638,3.841
303,5,198,137.6962496153583,7206.300380311408,6845.985361295849,6904.64056540495,0.9915049590846209,58.65520410910099,0.020113430331567983,0.24437359794716715,0.9827349823016327,0.0,0.0,0.0,0.0,False,1458.3704832345736,1.8815867046216972,1440,2023-01-07,0.06569233829147963,0.07665783139771198,3.098
304,5,279,352.856673820139,10468.141109468235,9944.7340539948,10002.590864265772,0.9942158175760577,57.85681027097199,0.035481760689054974,0.1628613277150236,0.9627078136532673,0.0,0.0,0.0,0.0,False,1361.7032079777964,3.115480642122652,1440,2023-07-22,0.06536387660002224,-0.01792155872656441,3.003
305,5,276,1339.798178443545,10257.47930313237,9744.605337975781,9766.535858711108,0.9977545241165765,21.930520735328457,0.13749127152663707,0.17086240639170047,0.9571925310359025,0.0,0.0,0.0,0.0,False,1946.610683788817,2.6364351717620793,1440,2023-02-27,0.06503705721702213,0.0875988572989791,3.038
306,5,177,821.1725144712791,6175.290749914559,5866.526212418854,5904.087118635203,0.9936381517647673,37.560906216347995,0.1399759388670144,0.1990830486495141,0.9891388393344782,0.0,0.0,0.0,0.0,False,1336.9212341840434,1.775268935480153,1440,2023-02-08,0.06471187193093703,0.1558696967111398,3.049
307,5,234,1014.7267320683136,8695.92067672232,8261.124642886203,8312.572630956283,0.9938108224307736,51.447988070078075,0.12283154847955384,0.2223454424569967,0.9724842229022602,0.0,0.0,0.0,0.0,False,1759.681703865528,2.3477190979108253,1440,2023-11-29,0.06438831257128233,0.14844680284120265,2.933
308,5,135,164.13685540681595,4889.996796855588,4645.496957012809,4665.578195287117,0.9956958736015629,20.081238274308426,0.03533246430374605,0.20287005958706014,0.9977748246131736,0.0,0.0,0.0,0.0,False,755.6571448008142,1.294502172001406,1440,2023-10-21,0.06406637100842592,0.0902139492459414,2.965
309,5,266,961.8469282375728,9584.844813012844,9105.602572362177,9165.713686271949,0.993441742130806,60.111113909770495,0.10563243020917948,0.2009874596892258,0.9510023082407724,0.0,0.2777777777777778,1.3593214315161493,0.0,False,1682.7403633561403,3.5006379508966767,1448,2023-08-25,0.0637460391533838,0.08633000570423978,3.115
310,5,168,-31.57624055947846,5709.177435845609,5423.718564053297,5442.727899264577,0.9965073882870668,19.00933521127996,-0.005821880355067806,0.1689769658555175,0.983540821510417,0.0,0.0,0.0,0.0,False,1426.061014334186,1.8524897668206153,1440,2023-12-24,0.06342730895761688,0.08731519766165277,3.069
311,5,181,694.8567940048204,6641.503195708312,6309.428035922864,6329.645105998829,0.9968059709924645,20.217070075965545,0.11012991828239235,0.16063026656575416,0.9862054184039836,0.0,0.0,0.0,0.0,False,1189.353509054756,1.7605132801971448,1440,2023-02-02,0.06311017241282879,0.16007758936896554,3.27
312,5,294,1069.7994412253263,10989.961610144857,10440.463529637593,10484.632609925662,0.9957872553162945,44.169080288068585,0.10246666138801798,0.18875732189484945,0.9510004423037409,0.0,7.291666666666667,340.98200248449984,0.0,False,2122.5086928178616,3.750436903435631,1587,2023-08-30,0.06279462155076464,0.2386187278440074,3.104
313,5,218,194.30296027378333,7622.7539349932695,7241.6162382436005,7280.231632122354,0.994695856419132,38.61539387875326,0.02683143567421491,0.19850383841490996,0.9834577821434964,0.0,0.0,0.0,0.0,False,1568.4582639367452,1.9176715397116975,1440,2023-01-10,0.06248064844301082,0.24013425080528875,3.012
314,5,278,740.6551241611285,10206.501188430693,9696.176129009124,9711.765071839292,0.9983948393814249,15.588942830170057,0.07638631088241359,0.1697109256990892,0.9510013480911863,0.0,0.8333333333333334,4.058980169684154,0.0,False,1788.2031662801471,3.3883873272030893,1464,2023-05-31,0.062168245200795766,0.21997914090943527,2.984
315,5,155,521.9777661040403,5507.038810905996,5231.686870360702,5245.928681345618,0.9972851687756337,14.241810984915348,0.09977236387392048,0.16918248973374944,0.989900029645969,0.0,0.0,0.0,0.0,False,1150.4269704784965,1.6074820869254203,1440,2023-04-19,0.06185740397479179,0.2687139146826037,2.946
316,5,257,1008.2321754404348,9330.292021472065,8863.777420398434,8874.296522366789,0.9988146551175248,10.519101968354226,0.11374746088729223,0.17223875499504762,0.9616277271259221,0.0,0.0,0.0,0.0,False,2045.1147949814092,2.8889954922496672,1440,2023-02-10,0.06154811695491783,0.3104051683381984,2.968
317,5,300,1421.3030059865428,11144.304457236502,10587.089234374627,10613.556346932299,0.9975062917939544,26.467112557669854,0.1342487037298027,0.1721697811612844,0.9526940659039672,0.0,0.0,0.0,0.0,False,2277.049107583487,3.144824191453276,1440,2023-01-17,0.06124037637014324,0.3384224499380658,3.021
318,5,133,467.3726074229546,4640.589107081543,4408.559651727468,4417.406053734113,0.9979973763111121,8.846402006644038,0.10601480854179152,0.18386484066622855,0.9910600757662904,0.0,0.0,0.0,0.0,False,930.897700688681,1.5812727156777153,1440,2023-03-28,0.060934174488292525,0.36237952859417455,2.9
319,5,164,780.8357516054137,6446.183183899622,6123.874024704608,6152.218517915038,0.9953928012914541,28.34449321043059,0.1275068279418237,0.20520856599710582,0.9907196211156645,0.0,0.0,0.0,0.0,False,1179.1222113068657,1.7175596177252581,1440,2023-03-07,0.060629503615851066,0.3566228185748731,2.984
320,5,146,795.0655930182179,5441.017149800377,5168.966292310328,5182.998473019141,0.9972926519693456,14.03218070881184,0.1538152017359847,0.16540882742118623,0.9809489719320803,0.0,0.0,0.0,0.0,False,1195.4566604652105,1.9751858959008826,1440,2023-02-06,0.06032635609777181,0.30480082653164653,2.91
321,5,166,639.9410577488005,6080.08096115731,5776.076913099488,5814.7880789423725,0.9933426351369411,38.71116584288412,0.11079164411704538,0.1827481498907978,0.969843521293048,0.0,0.0,0.0,0.0,False,830.2261566855929,2.82353151014433,1440,2023-06-17,0.060024724317282944,0.3526322163930291,2.955
322,5,176,424.12178783155304,6386.399776159164,6067.079787351209,6092.94097542715,0.9957555492199516,25.861188075940483,0.06990542447056196,0.18230746421928,0.9887770475375702,0.0,0.0,0.0,0.0,False,1206.0507442112203,1.6006899456614223,1440,2023-11-09,0.05972460069569653,0.35361341135444985,3.109
323,5,133,394.92190224781746,4975.399762426999,4726.629774305651,4746.760127193456,0.9957591383705106,20.13035288780453,0.08355253554967336,0.19469885532007006,0.9652628233237761,0.0,0.0,0.0,0.0,False,757.8845852884565,3.0215757386286457,1440,2023-08-01,0.05942597769221805,0.35625250258996155,3.115
324,5,282,964.1765451637192,10511.760385956874,9986.172366658913,10030.949980505033,0.9955360545179526,44.777613846116495,0.09655116192294455,0.18395744779877352,0.9510009158410724,0.0,5.208333333333333,290.2151312404657,0.0,False,2004.5393866638556,3.358239625723895,1541,2023-08-04,0.059128847803756955,0.3313677723906293,3.154
325,5,166,17.428925389440995,6075.549158550772,5771.771700623254,5801.548678630915,0.9948674087459889,29.77697800766075,0.0030196837805554514,0.1923444358499118,0.9882570909925338,0.0,0.0,0.0,0.0,False,1283.9356983038888,1.7838290075369412,1440,2023-12-25,0.058833203564738173,0.33589321238807723,3.066
326,5,286,1315.4280957781652,10265.921711685509,9752.625626101228,9805.202286957807,0.9946378810637581,52.576660856580006,0.13487937979057124,0.21178202402901186,0.9620656467060273,0.0,0.0,0.0,0.0,False,2142.0667596998383,2.586749163669293,1440,2023-04-04,0.05853903754691448,0.3214449688810358,3.178
327,5,258,776.1576044320298,8932.267381535885,8485.6540124591,8540.583431589243,0.993568423097774,54.92941913014104,0.09146703404268344,0.17632111222246058,0.9522955367130416,0.0,0.0,0.0,0.0,False,1372.4136452800412,3.508373904264009,1440,2023-06-24,0.05824634235917991,0.26653457887993187,3.082
328,5,151,529.8183905908932,5382.877010568333,5113.733160039908,5129.95464877538,0.9968378884715202,16.22148873547145,0.1036069685315294,0.1907045391810548,0.9902575062128233,0.0,0.0,0.0,0.0,False,1067.6819891408786,1.8759017060588445,1440,2023-04-24,0.057955110647384005,0.3018042172423385,3.07
329,5,246,1229.5693174729097,8833.951709272977,8392.254123809313,8424.809769111533,0.9961357411983851,32.55564530221993,0.14651240290550188,0.18922912697003225,0.9694834874475738,0.0,0.0,0.0,0.0,False,1797.405561110283,2.449232317042496,1440,2023-02-03,0.05766533509414709,0.29884116166430386,3.036
330,5,260,284.45283059356456,9846.92786923194,9354.581475770286,9388.24556658584,0.9964142298391332,33.664090815553074,0.030407862856327496,0.18675824547684516,0.9513665659466157,0.0,0.0,0.0,0.0,False,2024.9852592192967,3.157818362377953,1440,2023-10-06,0.05737700841867635,0.30025516771762406,3.057
331,5,143,563.9691410354789,5020.595400515753,4769.56563048994,4781.471684033415,0.9975099604619155,11.906053543473979,0.11824329189019812,0.16471002849311667,0.9839556232980639,0.0,0.0,0.0,0.0,False,1000.8348787295224,1.960994395420764,1440,2023-10-11,0.05709012337658297,0.30748439957144963,3.022
332,5,143,464.0124806036936,5110.921374000418,4855.375305300383,4860.487683511443,0.9989481758737085,5.112378211060423,0.09556675878323004,0.12632250380809096,0.9945314418084721,0.0,0.0,0.0,0.0,False,996.6883659165007,1.4405097410592018,1440,2023-12-04,0.05680467275970005,0.3635383609940569,2.993
333,5,188,799.7932370272531,7010.002517904237,6659.5023920090025,6682.813070222615,0.9965118464382191,23.310678213611894,0.12009804786420022,0.19119701229318004,0.9751129344855902,0.0,0.0,0.0,0.0,False,1486.9975764220385,2.0615580860887426,1440,2023-11-29,0.056520649395901554,0.4965179592487947,3.13
334,5,132,411.9312676033543,4476.385820357725,4252.566529339817,4282.669898256778,0.9929708874061917,30.103368916960523,0.09686650749877955,0.1912768465584294,0.9989905900404785,0.0,0.0,0.0,0.0,False,750.761017523593,1.2955983746805435,1440,2023-04-22,0.05623804614892205,0.46061786857073,3.126
335,5,196,692.7611402622175,7098.931023002435,6743.98447185228,6801.6476483231145,0.9915221752945331,57.66317647083345,0.10272282552749504,0.22540708108319765,0.9831991090467072,0.0,0.0,0.0,0.0,False,1107.8303862233888,1.8562071221745242,1440,2023-02-24,0.05595685591817744,0.4321583183168082,3.214
336,5,206,757.6788867515066,7271.327542572103,6907.7611654434795,6964.8736154016715,0.9917999301764935,57.11244995819125,0.10968515972176979,0.21688042253706616,0.9861142593709726,0.0,0.0,0.0,0.0,False,1354.171949796761,1.9419544948674103,1440,2023-11-25,0.05567707163858655,0.3330338081050207,3.043
337,5,240,779.0811280957896,8777.232275624165,8338.37066184293,8433.588337628174,0.9887097078997309,95.21767578524504,0.0934332568904533,0.28095417465365496,0.9649280539773353,0.0,0.0,0.0,0.0,False,1210.6240508657572,3.0220907740202536,1440,2023-07-24,0.05539868628039362,0.27164882761022663,3.028
338,5,223,425.6461278508701,8187.809680741857,7778.419196704771,7846.20914584849,0.9913601654144553,67.78994914371913,0.05472141794970239,0.23556877367656534,0.9749724612170162,0.0,0.0,0.0,0.0,False,1465.4212863919058,1.905032256070347,1440,2023-12-19,0.05512169284899165,0.07753087982521328,3.093
339,5,202,703.4083020006228,7421.227773179199,7050.166384520226,7079.093430128675,0.995913735862655,28.927045608450022,0.09977187255396822,0.1963616859263277,0.9742715891816032,0.0,0.0,0.0,0.0,False,1730.4760374918233,2.3737237419685497,1440,2023-11-08,0.05484608438474669,0.020305965062971526,3.081
340,5,159,442.4812916104317,5406.585058825946,5136.255805884646,5183.644991009891,0.9908579416207258,47.3891851252437,0.08614860870120168,0.20195788843209578,0.9798967470085157,0.0,0.0,0.0,0.0,False,905.0064492723814,2.3162493055171574,1440,2023-09-30,0.05457185396282296,0.06096354200738455,3.017
341,5,226,1038.1355745598712,8070.11460885374,7666.608878411071,7688.170171819388,0.9971955233915933,21.56129340831877,0.13541000865235583,0.19111013311580796,0.9795311657424214,0.0,0.0,0.0,0.0,False,1715.5327633992074,2.2483504468349516,1440,2023-02-26,0.05429899469300884,0.08108006362862039,3.133
342,5,202,198.84969700700321,7022.623490086026,6671.492315581739,6734.021061044168,0.9907145010543323,62.528745462429725,0.02980587964443514,0.2021693954277341,0.9871205112585192,0.0,0.0,0.0,0.0,False,908.6655297051846,1.9699521042996424,1440,2023-05-20,0.05402749971954379,0.12148283596565185,3.182
343,5,271,1137.318019106892,9721.234293740834,9235.172579053791,9263.224322580849,0.9969717084947758,28.051743527059653,0.1231507055630376,0.1627931040742532,0.9578883409324208,0.0,0.0,0.0,0.0,False,2081.7234860338754,2.715283652536964,1440,2023-03-08,0.053757362220946084,0.12936620697765283,3.135
344,5,246,824.1361156938825,9261.213500533673,8798.152825506935,8834.906551283388,0.9958399417624725,36.75372577645178,0.09367149355539833,0.19815769637560052,0.9772279453226275,0.0,0.0,0.0,0.0,False,1826.8209712767884,2.2882144238457274,1440,2023-11-10,0.053488575409841345,0.2241610895611989,3.066
345,5,251,775.8007869862108,8830.937015576714,8389.390164797893,8421.621418817478,0.9961727970877952,32.231254019584185,0.092474038249108,0.19395773924023096,0.9723363789872097,0.0,0.0,0.0,0.0,False,1671.9938863959737,2.3799703076007166,1440,2023-03-16,0.05322113253279214,0.22228700774629165,3.12
346,5,223,1044.4544188054988,8174.600475892789,7765.870452098146,7798.408842143062,0.9958275603775636,32.53839004491567,0.1344928975119992,0.15710403154011637,0.9676076203497707,0.0,0.0,0.0,0.0,False,1728.309437577234,2.314338618079323,1440,2023-02-23,0.05295502687012817,0.23032976103016733,3.069
347,5,186,895.989339757214,6614.16281153084,6283.454670954312,6300.878851404144,0.9972346428393954,17.424180449832676,0.14259501924936047,0.16911671913220433,0.9758789969792439,0.0,0.0,0.0,0.0,False,1598.988539433548,2.036669654522208,1440,2023-01-25,0.05269025173577754,0.3199869190205141,3.016
348,5,170,611.7735105949658,6003.162385118032,5703.004265862113,5731.6433839570245,0.9950033321725715,28.639118094911137,0.10727214676254238,0.2300041357839942,0.9846723271951601,0.0,0.0,0.0,0.0,False,1259.7922357539946,2.1577269164067623,1440,2023-09-14,0.05242680047709865,0.36682889675358793,3.037
349,5,201,965.0506220665857,7096.755913789483,6741.918118099998,6755.761534385288,0.9979508725678327,13.843416285289539,0.14314184853057152,0.15600719875913704,0.9748520043220339,0.0,0.0,0.0,0.0,False,1351.381688603407,2.0113713163392277,1440,2023-02-12,0.05216466647471316,0.2688499555169095,2.994
350,5,223,633.3846239774803,7855.519866176372,7462.743872867563,7519.846250279789,0.9924064434947588,57.102377412225465,0.08487288787711025,0.23717138273271984,0.9618386501277678,0.0,0.0,0.0,0.0,False,1393.4106835640623,3.1417641559397436,1440,2023-05-15,0.0519038431423396,0.3554597040442956,3.114
351,5,186,981.7008607612377,7181.501988447758,6822.426889025366,6852.816405281497,0.9955653975739508,30.389516256131547,0.143893203508038,0.18979518083351563,0.9772776363243715,0.0,0.0,0.0,0.0,False,1654.9602656460404,2.1453043410797092,1440,2023-02-14,0.0516443239266279,0.24432772898768634,3.086
352,5,146,101.75478170995046,5351.151090655005,5083.593536122243,5105.332926297151,0.995741827126899,21.739390174907932,0.020016309523355175,0.1714217799016098,0.9934198912336917,0.0,0.0,0.0,0.0,False,1116.6904481092058,1.5074289864861328,1440,2023-11-01,0.05138610230699475,0.2601600340789725,2.978
353,5,139,22.947539860075846,4684.1353656605,4449.928597377492,4486.604368270227,0.991825494765683,36.67577089273409,0.005156833274493366,0.22435776786708855,0.9969229412024758,0.0,0.0,0.0,0.0,False,878.996150052259,1.369598062875589,1440,2023-12-27,0.05112917179545978,0.31467627120711367,3.149
354,5,127,491.3190033041504,4514.482565435022,4288.7584371632665,4302.640371146116,0.9967736243828457,13.881933982851084,0.11455972876596095,0.18806131981255933,0.995207270000039,0.0,0.0,0.0,0.0,False,1003.6175900858616,1.495344357540319,1440,2023-11-30,0.05087352593648248,0.24061219899221897,2.984
355,5,156,199.71675655630546,5504.011113542115,5228.810557865026,5267.940943034986,0.9925719772501063,39.13038516996083,0.03819544700388835,0.21709456680483552,0.9815316002311057,0.0,0.0,0.0,0.0,False,1194.0085280930984,1.926622958919597,1440,2023-01-29,0.05061915830680006,0.26181006094963954,3.15
356,5,193,749.7750754088626,6542.629865106894,6215.498371851536,6273.320717620854,0.9907828168888443,57.82234576931637,0.12062992065196405,0.23120513057132022,0.9767876828414025,0.0,0.0,0.0,0.0,False,1074.5368648992358,2.140169567554475,1440,2023-06-19,0.05036606251526607,0.21404047879232657,3.214
357,5,171,580.8692046073511,6296.175216676397,5981.36645584255,6039.315872723735,0.9904046388527364,57.949416881185755,0.09711312772685292,0.2435742871928699,0.9837568175536363,0.0,0.0,0.0,0.0,False,1120.2343511678348,1.826062358066455,1440,2023-03-26,0.050114232202689735,0.14322131625164386,3.248
358,5,152,468.52650755874004,5944.5809010404255,5647.351855988422,5675.138213002143,0.9951038448808066,27.786357013719932,0.08296393061854593,0.2035663216692814,0.9859929540186849,0.0,0.0,0.0,0.0,False,1192.586285632349,1.7934989146861948,1440,2023-02-17,0.05,0.057175127292044936,3.05
359,5,176,408.8614157986498,6288.284746623503,5973.870509292332,6015.880107625604,0.9930168823876624,42.009598333272464,0.06844162677491376,0.19009461655351217,0.9730797003464969,0.0,0.0,0.0,0.0,False,1058.5047559968343,2.65100630723071,1440,2023-05-19,0.05,0.07617738419279638,2.992
360,5,249,35.785349948560636,9126.078008131351,8669.774107724761,8713.602851328338,0.9949700778941405,43.828743603578346,0.004127598885958969,0.2149567931116135,0.9649588678354822,0.0,0.0,0.0,0.0,False,1826.257666583644,2.5509463660394696,1440,2023-10-28,0.05,0.12151221014041423,3.006
361,5,176,277.7553441029785,6684.578025014657,6350.349123763914,6375.207837624757,0.9961007210283979,24.858713860843075,0.04373859431815777,0.18448747351090541,0.9828809083082326,0.0,0.0,0.0,0.0,False,1336.847859086215,1.8158831934655906,1440,2023-03-12,0.05,0.10233544281510493,3.361
362,5,286,299.61243914092137,10496.510787576928,9971.685248198075,10014.765164721126,0.9956983597903216,43.079916523052276,0.03004631932150712,0.1613953615732258,0.9716169267094329,0.0,0.0,0.0,0.0,False,1954.5001463889125,2.3879076776684793,1440,2023-11-03,0.05,0.15480215840086997,3.954
363,5,224,1235.8545102866137,7837.566101209333,7445.687796148866,7485.491908083222,0.9946824988359986,39.80411193435714,0.16598258537321897,0.193051919255828,0.9697945558764115,0.0,0.0,0.0,0.0,False,1797.0399357568306,2.356107243903102,1440,2023-01-22,0.05,0.24950840905371593,3.523
364,5,144,387.29158843620644,4812.81183853425,4572.171246607526,4606.748539762521,0.9924942086904579,34.57729315499527,0.08470627357266425,0.2173102016680379,0.9959907720961542,0.0,0.0,0.0,0.0,False,834.0646382683009,1.1923438379470095,1440,2023-11-24,0.05,0.2559763867114765,3.124
365,5,295,1011.519030041061,10610.487395796059,10079.963026006282,10154.634762690748,0.9926465364407967,74.67173668446618,0.10034947821051964,0.2272283935104021,0.9684053637728502,0.0,0.0,0.0,0.0,False,1958.9536761370464,2.7762300081222344,1440,2023-09-09,0.05,0.20691703744742113,3.349
366,5,279,1043.0231715820419,9830.266135899736,9338.752829104742,9417.027959514382,0.9916879156835724,78.27513040964041,0.11168763010103472,0.23013869645871018,0.9819239556960669,0.0,0.0,0.0,0.0,False,1706.7597888923108,2.2821438637633604,1440,2023-03-06,0.05,0.14448811630745556,3.154
367,5,260,866.4182886637338,9335.584061261337,8868.804858198317,8896.050002402393,0.9969373885941829,27.24514420407572,0.09769278978585456,0.19452976394066,0.9829629490292305,0.0,0.0,0.0,0.0,False,1652.4681785054277,2.1374093707748223,1440,2023-12-03,0.05,0.08663537808626981,2.96
368,5,148,326.0874924467996,5047.492746607627,4795.11810927723,4842.249139695003,0.9902667068426098,47.13103041777174,0.06800405850606897,0.24118252535653686,0.961870677234784,0.0,0.0,0.0,0.0,False,795.8018908904719,3.176007271328981,1440,2023-07-16,0.05,0.11896635085199865,3.102
369,5,263,1235.7444397871277,9168.44920197221,8710.026741873608,8788.327293023647,0.9910903920007399,78.30055115003907,0.14187607873191302,0.2267739777468957,0.9695968595670672,0.0,0.0,0.0,0.0,False,1684.8795223714476,2.3371342834290108,1440,2023-02-21,0.05,0.04013592768182575,3.117
370,5,246,525.812097904469,8852.951797387312,8410.304207517987,8508.968639106677,0.9884046544565654,98.66443158869232,0.06251998559510423,0.24854756458709265,0.9734433580841014,0.0,0.0,0.0,0.0,False,1801.1370907198714,2.363024921483702,1440,2023-12-17,0.05,0.007431694999553207,3.128
371,5,257,710.0677191457136,8819.97251493322,8378.973889186604,8415.653931910303,0.9956414506798317,36.680042723699955,0.08474399473449655,0.22075929609481865,0.9702100039645402,0.0,0.0,0.0,0.0,False,1922.182718168664,2.4739668084793505,1440,2023-12-13,0.05,-0.06906096042405274,3.063
372,5,249,823.489632659658,8571.956265703568,8143.3584524184325,8218.472901638992,0.9908602911855341,75.11444922055983,0.10112408012877,0.22747977941491124,0.9708494634306618,0.0,0.0,0.0,0.0,False,1482.2382296200851,2.1349905879108775,1440,2023-05-05,0.05,-0.07015885888467566,3.089
373,5,228,554.5107595437846,8372.961991779186,7954.3138921902155,7990.525238082742,0.995468214564927,36.211345892526055,0.06971195342042259,0.17969746685406196,0.9532555970423975,0.0,0.0,0.0,0.0,False,1488.0245830871127,3.5285990104261318,1440,2023-06-03,0.05,-0.08719622992812323,3.17
374,5,181,531.4988673107003,6428.4162427289575,6106.995430592502,6138.842584264785,0.994812189230277,31.84715367228329,0.08703115523031171,0.20506629760305076,0.9924989279649897,0.0,0.0,0.0,0.0,False,1153.4728272679513,1.7445474417639153,1440,2023-12-08,0.05,0.005310087528283991,3.123
375,5,286,1002.5634461042326,10387.448028817476,9868.075627376567,9932.174633887458,0.993546327076027,64.09900651089237,0.10159665206890643,0.2310918957156739,0.960545194265194,0.0,0.0,0.0,0.0,False,1582.9743459624283,2.915394526825155,1440,2023-09-15,0.05,0.023250398965481922,3.106
376,5,297,1370.08749276524,10359.386384553809,9841.417065326077,9912.011186472942,0.9928779215621542,70.59412114686606,0.13921648515358848,0.22856747756811138,0.9687805603458144,0.0,0.0,0.0,0.0,False,1857.1381299382529,2.5319279520288527,1440,2023-02-28,0.05,-0.02120826251831437,3.32
377,5,244,919.9671437247109,8870.45871274692,8426.935777109578,8491.649599159467,0.9923791224197128,64.71382204988832,0.10916982970531879,0.22964993285012777,0.958271101542767,0.0,0.0,0.0,0.0,False,1699.6588087354078,3.329411137075664,1440,2023-06-22,0.05,-0.0526498456591194,3.117
378,5,184,689.884031266366,6792.436748732359,6452.814911295693,6495.280935391976,0.9934620188843732,42.46602409628329,0.10691210591810402,0.2242148766567211,0.9670389920066998,0.0,0.0,0.0,0.0,False,1265.8592846831789,2.868627590153547,1440,2023-08-16,0.05,-0.0816670104347059,3.14
379,5,210,1105.5066176552004,7400.466872462456,7030.44352883933,7075.428843419761,0.9936420370304101,44.985314580431016,0.1572456436240959,0.20320383224316038,0.9702483559647914,0.0,0.0,0.0,0.0,False,1664.8989855156071,2.2792170656715993,1440,2023-02-06,0.05,-0.09413436246251648,3.181
380,5,221,451.48135977567813,7317.772041634708,6951.883439552971,7010.6613907670235,0.9916159192495786,58.77795121405315,0.06494374707247823,0.19721056469937726,0.9512671618947259,0.0,0.0,0.0,0.0,False,1088.6386754628006,3.6525274665573915,1440,2023-06-03,0.05,-0.05804413798708938,3.166
381,5,133,303.8551177817561,4720.196355456754,4484.186537683928,4508.617500857573,0.9945812739339724,24.430963173646013,0.06776148031047267,0.213338166298014,0.9915160497856246,0.0,0.0,0.0,0.0,False,856.1276437929575,1.5559540655286037,1440,2023-12-15,0.05,-0.015847298045393657,3.028
382,5,136,617.5486207641115,4549.632633399854,4322.151001729869,4340.099181372598,0.9958645692430806,17.94817964272859,0.14287992726698998,0.17394973185108786,0.9940437167290552,0.0,0.0,0.0,0.0,False,944.871550758914,1.3905729012008095,1440,2023-02-14,0.05,-0.01823745792393862,3.116
383,5,208,623.5119956498884,7077.618990349916,6723.738040832419,6762.273308442687,0.994301432986721,38.53526761026917,0.09273293990089711,0.18951355088128946,0.958759860915166,0.0,0.0,0.0,0.0,False,1244.09691605008,3.2521254290015174,1440,2023-07-24,0.05,0.06780748336390852,3.172
384,5,221,841.4687588431408,7775.304231630874,7386.539020049315,7413.39506592799,0.9963773621073959,26.856045878675406,0.11391921934740187,0.19436511574712576,0.9751753379783147,0.0,0.0,0.0,0.0,False,1427.5975001180618,2.2808342090169025,1440,2023-10-09,0.05,0.10292735698367823,3.193
385,5,158,689.4183793263862,5865.251770017275,5571.989181516405,5591.579411628108,0.9964964764569089,19.590230111703285,0.1237293104612171,0.16726606518088724,0.9890745418220958,0.0,0.0,0.0,0.0,False,1164.9244305214827,1.5926943144771215,1440,2023-10-16,0.05,0.12063155738729789,3.041
386,5,167,506.2087527206646,6066.585867821969,5763.256574430885,5798.481615986348,0.9939251266299874,35.225041555460656,0.08783380475658455,0.20591561231554686,0.9791905873191127,0.0,0.0,0.0,0.0,False,1255.1823260895126,2.3296724682631154,1440,2023-09-30,0.05,0.19604952569687398,3.09
387,5,144,526.779748974516,5352.657079390465,5085.0242254209315,5107.503593435641,0.995598756299731,22.479368014709593,0.10359434402319094,0.20795084474500716,0.9853469579300203,0.0,0.0,0.0,0.0,False,1006.4332220257361,1.9751036860954787,1440,2023-04-24,0.05,0.17105911603250631,2.993
388,5,285,986.5139655253928,9527.515678656639,9051.139894723783,9082.110839742023,0.9965898957230608,30.97094501824109,0.10899333973397818,0.19017306280356155,0.9648215125351913,0.0,0.0,0.0,0.0,False,1878.2736067730948,2.3143433703323377,1440,2023-04-15,0.05,0.1461917347189492,3.077
389,5,211,528.0495616849578,7252.028381997671,6889.426962897789,6921.160937883208,0.9954149346807236,31.733974985418904,0.07664636907085416,0.17343483496741463,0.9579306824861796,0.0,0.0,0.0,0.0,False,1318.9310559829696,3.384170211624615,1440,2023-06-02,0.05,0.16590029679910576,3.097
390,5,169,553.5186212001004,5978.4059481069235,5679.485650701602,5701.63283602614,0.9961156416132938,22.147185324538402,0.09745928685139345,0.19492224678417297,0.9791431581020287,0.0,0.0,0.0,0.0,False,1049.3033186482119,2.3940255748878463,1440,2023-05-09,0.05,0.2198195059543835,3.135
391,5,262,722.9794489802027,9235.73710687908,8773.950251535065,8830.41745375199,0.9936053756787079,56.4672022169253,0.08240067794477321,0.21791062616710588,0.9538669006696727,0.0,0.0,0.0,0.0,False,1910.2829457834064,3.2099544046285344,1440,2023-08-01,0.05,0.2159364549425287,3.196
392,5,293,680.3402934027732,10468.83833987663,9945.396422882834,10010.1585365249,0.993530360842362,64.76211364206573,0.0684075590830562,0.2016959844867395,0.9595114214916072,0.0,0.0,0.0,0.0,False,2028.2214699526878,2.7742800075580405,1440,2023-12-15,0.05,0.16136004818223715,3.085
393,5,173,388.07265349677033,5891.293737247576,5596.729050385169,5618.209025740443,0.9961767219309816,21.479975355274576,0.06933918901613846,0.18856221279405141,0.9701230532130218,0.0,0.0,0.0,0.0,False,1145.3939021227036,2.676729481175747,1440,2023-07-31,0.05,0.15328633524647298,2.992
394,5,282,1603.2635085975855,10079.679170906053,9575.695212360772,9599.012222187997,0.9975708948704817,23.317009827225625,0.16743050745057292,0.1844540317682041,0.9528096142419126,0.0,0.0,0.0,0.0,False,2242.6327046345286,2.8974547482035895,1440,2023-01-23,0.05,0.1762935519820729,3.157
395,5,259,1030.2050583322978,9625.504135849318,9144.22892905682,9192.547329469395,0.9947437420030816,48.31840041257409,0.112661774582076,0.19802210351088234,0.956757163306881,0.0,0.0,0.0,0.0,False,2198.4134592391692,2.8346485031994364,1440,2023-04-17,0.05,0.20451462203900667,3.097
396,5,263,832.5451106594082,9298.484876347611,8833.560632530192,8857.203261888628,0.9973306890832949,23.64262935843343,0.09424796469879924,0.16913118495428522,0.9632740827015434,0.0,0.0,0.0,0.0,False,1942.731076828577,2.7168829487465462,1440,2023-05-01,0.05,0.19734061507511744,3.192
397,5,215,367.4211218747964,7485.375389340799,7111.106619873728,7121.102810966393,0.9985962580013209,9.996191092665123,0.051668627896528534,0.1495330444032692,0.9804317078045157,0.0,0.0,0.0,0.0,False,1585.8145450164034,2.141090670924953,1440,2023-10-19,0.05,0.2567048710808055,3.178
398,5,284,1607.545762411833,10807.903174494904,10267.508015770118,10298.940065507075,0.9969480306189733,31.43204973695576,0.15656630215849493,0.18839753041302487,0.9583143749575335,0.0,0.0,0.0,0.0,False,2008.2116896601278,2.7373856669621324,1440,2023-02-06,0.05,0.34983553287742775,3.24
399,5,146,467.85564841721424,5416.290782109604,5145.476243004119,5186.297144786033,0.992129085426015,40.820901781913705,0.09092562599104778,0.21748969393936057,0.9716206720819768,0.0,0.0,0.0,0.0,False,1007.4394809120435,2.7041193476694785,1440,2023-05-24,0.05,0.3394183165726118,3.045
400,5,135,635.9161237051615,4827.84510615784,4586.452850849948,4591.567207601671,0.9988861413716746,5.114356751723525,0.13865096718203815,0.14686016254984793,0.9927473297302389,0.0,0.0,0.0,0.0,False,882.9686491571001,1.4768912270791856,1440,2023-02-08,0.05,0.26620729907385243,3.064
401,5,294,1103.4484138059875,11174.26165105466,10615.54856850195,10684.769378952325,0.9935215437979661,69.22081045037362,0.10394643354372636,0.19872722365710715,0.9516884578903226,0.0,0.0,0.0,0.0,False,2012.1490504846497,3.4991524435324046,1440,2023-08-15,0.05,0.3656804460042804,3.376
402,5,208,553.570394134156,7189.643132298616,6830.160975683688,6854.6706562706895,0.9964243824661977,24.50968058700131,0.08104792787533745,0.1619323925826199,0.9850168325357398,0.0,0.0,0.0,0.0,False,1397.2868116269565,1.8264428573243165,1440,2023-03-21,0.05,0.33121506792979716,3.997
403,5,192,506.29600901631255,6875.430512694355,6531.658987059616,6559.701470414531,0.9957250366527514,28.04248335491542,0.07751415222677353,0.18354169322003014,0.9644733061492928,0.0,0.0,0.0,0.0,False,1591.5469869491862,2.6081217623883397,1440,2023-06-04,0.05,0.38649477420495143,3.936
404,5,252,91.66197646022391,9289.050765482903,8824.598227208739,8856.171118174085,0.9964349276291021,31.572890965347632,0.01038709911773706,0.1638537336068213,0.9623136073281441,0.0,0.0,0.0,0.0,False,1319.1191013105695,3.0804440430688573,1440,2023-07-15,0.05,0.3840009931617709,3.372
405,5,173,282.19730144331527,6045.815860465194,5743.525067441957,5751.888266518104,0.9985460080779334,8.36319907614698,0.04913311914367598,0.1428640864700264,0.982604978002463,0.0,0.0,0.0,0.0,False,1315.855800881,1.8480570703379826,1440,2023-10-19,0.05,0.42712679279594484,3.087
406,5,235,1102.146432151659,8263.740938875575,7850.553891931835,7886.594935036718,0.9954300882190908,36.0410431048833,0.14039091347227817,0.19179007256610692,0.9746962962204769,0.0,0.0,0.0,0.0,False,1679.4044588106015,2.2992543097475067,1440,2023-02-22,0.05,0.5106614518807314,3.129
407,5,273,993.6417643074686,9444.096064476058,8971.891261252245,9001.689979681101,0.9966896528878334,29.79871842885714,0.11075053579826621,0.18845288818076414,0.9510000124946985,0.0,2.4305555555555554,117.35246778665699,0.0,False,1796.3057856850414,3.5526648245869783,1508,2023-08-20,0.05,0.4702625061088782,3.189
408,5,265,1091.6089318895176,9070.671136755485,8617.137579917697,8671.050547258363,0.9937824180534027,53.912967340665574,0.12667883293792598,0.20219133969742678,0.9510086019982227,0.0,3.888888888888889,269.6001015145063,0.0,False,2155.684633216222,3.782313932704283,1507,2023-09-25,0.05,0.4458625107301116,3.092
409,5,142,149.45260469156005,5245.998604939319,4983.698674692341,5005.873681034231,0.9955702025750462,22.175006341890736,0.02998829071478448,0.16237941377180956,0.9924829483735683,0.0,0.0,0.0,0.0,False,1157.5157126531622,1.701166750464871,1440,2023-11-05,0.05,0.3960083541055691,3.036
410,5,295,1399.5506062041002,10175.074422068848,9666.320700965352,9721.484494709759,0.9943255792081522,55.16379374440859,0.14478627903006885,0.20803452566850641,0.9602389580579739,0.0,0.0,0.0,0.0,False,2146.467155010395,2.6630653360671803,1440,2023-02-14,0.05,0.4455922951537026,3.023
411,5,252,1297.216833268925,9273.345672821724,8809.678389180648,8862.08748486241,0.9940861455304653,52.40909568176147,0.14724905677170513,0.1894767997261883,0.9551348600425399,0.0,0.0,0.0,0.0,False,2175.4057784957263,2.9676626654201637,1440,2023-02-12,0.05,0.38441647553605096,3.17
412,5,246,938.764594930622,8798.23237038613,8358.320751866799,8402.784371460722,0.9947084659526739,44.46361959392397,0.11231497603402604,0.18148981128257963,0.9813551687088785,0.0,0.0,0.0,0.0,False,1701.1224050374371,2.0914976265527176,1440,2023-12-01,0.05,0.37682897692871997,3.046
413,5,153,472.65289581454846,5488.141715741747,5213.734629954679,5231.791345891366,0.99654865518464,18.05671593668731,0.09065534196907468,0.17559012769173954,0.9871869276086553,0.0,0.0,0.0,0.0,False,1237.3641955372864,1.8466207767112996,1440,2023-12-07,0.05,0.3892558620546654,3.079
414,5,287,278.04062791774703,10236.314678684883,9724.498944750656,9772.521811060997,0.9950859289711703,48.0228663103408,0.028591769046140424,0.1882790074659883,0.9704628131973944,0.0,0.0,0.0,0.0,False,1649.1459181287619,2.297489703415197,1440,2023-01-14,0.05,0.4133971676706829,3.166
415,5,191,464.56144478523544,7028.763147386079,6677.32499001678,6698.904967857799,0.9967785812838721,21.57997784101994,0.06957298700898906,0.17174349701112168,0.9758846676621833,0.0,0.0,0.0,0.0,False,1619.0066336559462,2.2698179238365084,1440,2023-10-27,0.05,0.40538072628685023,3.065
416,5,290,1050.1148235551236,10513.16804848762,9987.50964606323,10035.634724228776,0.9952045805284884,48.12507816554704,0.10514280944590093,0.21255763725195123,0.9551515859563718,0.0,0.0,0.0,0.0,False,2119.069154863082,2.874188230809442,1440,2023-09-10,0.05,0.4367585213299346,3.061
417,5,161,539.3045081164586,5532.715672894233,5256.079889249484,5274.838016197733,0.996443847774918,18.758126948248588,0.10260584303893941,0.18135461335183026,0.9538676609016984,0.0,0.0,0.0,0.0,False,1269.1660361192676,3.4306682951245318,1440,2023-08-31,0.05,0.3714417669719795,3.105
418,5,136,478.19341734759473,4906.279301404246,4660.965336334027,4694.553519618049,0.9928452869599503,33.58818328402245,0.10259536015423504,0.18609318967851313,0.9963229375411436,0.0,0.0,0.0,0.0,False,853.9922613408198,1.3613349613373085,1440,2023-02-24,0.05,0.38876728539829003,3.093
419,5,272,751.9980583279546,9691.130190200192,9206.573680690166,9253.499882849948,0.9949288158260257,46.92620215978207,0.08168055613405806,0.16907302397145935,0.9572640996229286,0.0,0.0,0.0,0.0,False,1972.0822071190048,3.042197777309151,1440,2023-06-09,0.05,0.3928981727367105,3.114
420,5,225,580.5232366103693,7491.903089162805,7117.307934704687,7150.100659996504,0.9954136694221263,32.79272529181766,0.08156500209576172,0.19567357962319828,0.9540579170683948,0.0,0.0,0.0,0.0,False,1686.3593041339573,3.389695138582243,1440,2023-05-16,0.05,0.4351935959643922,3.059
421,5,190,112.5879316608485,6466.411225170881,6143.090663912337,6170.9207763477,0.9954901199603742,27.830112435363926,0.018327571221152198,0.18745801943025714,0.9881392819790646,0.0,0.0,0.0,0.0,False,1187.1487262921153,1.669213824732718,1440,2023-04-10,0.05,0.41072503313155206,2.989
422,5,296,850.0701076058336,10196.474411769166,9686.650691180701,9736.89333155825,0.9948399721896194,50.24264037754976,0.08775686609405536,0.19797908192847702,0.9510004176054719,0.0,1.0416666666666667,10.39916151425958,0.0,False,2160.3303366944247,3.359818874821407,1471,2023-06-08,0.05,0.4098515143182375,2.994
423,5,296,1567.7846360431379,10642.591275521534,10110.461711745535,10152.330731028676,0.9958759204765486,41.86901928314183,0.15506558263524303,0.21586734588252002,0.9621716902368096,0.0,0.0,0.0,0.0,False,2067.871319972838,2.6724551730567976,1440,2023-01-19,0.05,0.38610740767507834,3.13
424,5,122,300.7695829185517,4013.312422548578,3812.6468014211464,3825.8015284796024,0.9965615761924577,13.154727058456425,0.0788873448247137,0.17943405802336454,0.9641308845159994,0.0,0.0,0.0,0.0,False,678.251323401928,2.875501330261848,1440,2023-05-23,0.05,0.3269645743675304,3.201
425,5,233,979.3400723880873,8226.635143130816,7815.303385974262,7846.2968495688865,0.9960499246728949,30.993463594624362,0.12531056364947527,0.21874966209173166,0.9779171119388538,0.0,0.0,0.0,0.0,False,1373.5264964925022,1.9437195209688438,1440,2023-03-07,0.05,0.3608318381104658,3.255
426,5,266,1016.6361062233996,9985.395061386578,9486.125308317201,9519.368536040649,0.99650783267844,33.24322772344822,0.10717084933845836,0.20551865150742754,0.9510601252222106,0.0,3.125,129.67399454527234,0.0,False,2161.397886539203,3.341995961282552,1485,2023-09-14,0.05,0.30049383704981997,3.092
427,5,245,922.8014522465519,8491.435472422496,8066.863698801485,8106.154730154243,0.9951529383954887,39.29103135275917,0.1143940801161243,0.2053747810244248,0.9709037094886959,0.0,0.0,0.0,0.0,False,1769.8512721252303,2.385284284626823,1440,2023-01-09,0.05,0.2810557269114009,3.151
428,5,228,1143.584552404043,7931.374853554396,7534.806110876647,7577.693603708971,0.9943402973153557,42.88749283232379,0.151773587213247,0.21374913552442068,0.9830780225693578,0.0,0.0,0.0,0.0,False,1546.9012200657169,2.0177535554000183,1440,2023-02-13,0.05,0.2655530148120505,3.194
429,5,214,574.2844971446841,7596.912950176324,7217.067302667536,7243.19509289855,0.9963927811006181,26.127790231014185,0.0795731109411187,0.20552384620040007,0.9510005134045106,0.0,1.1805555555555556,62.17087550626794,0.0,False,1464.0846479879926,4.004961581326347,1502,2023-07-17,0.05,0.23403980845635824,3.283
430,5,216,109.22277958927364,7702.086250639977,7316.981938107995,7327.538436898905,0.9985593390083426,10.556498790910455,0.014927299330947394,0.16343268524988847,0.9549924275351672,0.0,0.0,0.0,0.0,False,1555.4810987913984,3.000011607445801,1440,2023-09-19,0.05,0.22664868757462972,3.135
431,5,175,521.5209723049237,5906.177749926374,5610.868862430054,5638.2623302097145,0.9951415052767434,27.393467779660252,0.0929483445597861,0.17486320555533402,0.9723828737490802,0.0,0.0,0.0,0.0,False,1194.6903100295854,2.6659461165310674,1440,2023-05-06,0.05,0.31516471069787805,3.077
432,5,145,597.1293053412467,5082.9613386235405,4828.813271692387,4837.347767901683,0.9982357075366947,8.53449620929656,0.12365963886857166,0.19493019896702082,0.9926463639555039,0.0,0.0,0.0,0.0,False,855.3955589947767,1.4771312552877514,1440,2023-03-03,0.05,0.3620872242467298,3.008
433,5,191,138.85539368108834,6902.806163162479,6557.665855004327,6566.871808331798,0.9985981219679374,9.205953327469775,0.02117451494957221,0.15624037759493828,0.9580533731402227,0.0,0.0,0.0,0.0,False,1502.9419607259392,3.237338403737184,1440,2023-08-02,0.05,0.3557313396317492,3.134
434,5,246,794.240797374266,8463.244569160275,8040.082340702242,8070.617651123695,0.996216484073285,30.535310421452074,0.09878515713122596,0.20159834895434095,0.9721244897085364,0.0,0.0,0.0,0.0,False,1802.5781345496023,2.216886724750679,1440,2023-02-01,0.05,0.43795222007859935,3.069
435,5,290,988.0703898696219,10493.784535182678,9969.095308423473,10032.99530425484,0.9936310150763982,63.899995831366525,0.09911334572503717,0.22547871837370817,0.9693502832713584,0.0,0.0,0.0,0.0,False,1637.9251876397568,2.365891487108719,1440,2023-12-03,0.05,0.4038614699976766,3.139
436,5,294,878.3725871020455,10619.245917522308,10088.283621646147,10126.384666819667,0.996237448366112,38.10104517351976,0.08706858570246241,0.1808687048249286,0.9567891499443353,0.0,0.0,0.0,0.0,False,1981.028150485889,2.774106699179184,1440,2023-04-12,0.05,0.32277812129164507,3.151
437,5,156,626.7770163108243,5518.989128361078,5243.039671943023,5258.399577924361,0.9970789770245262,15.35990598133858,0.1195445877827101,0.18409391980536477,0.9873572759834424,0.0,0.0,0.0,0.0,False,1169.9518206576051,1.7411748279998447,1440,2023-04-07,0.05,0.3570100368928885,3.188
438,5,125,426.4732566816671,4253.847372399776,4041.155003779765,4058.979351205595,0.9956086626997658,17.824347425830155,0.10553251639265977,0.20180319812350772,0.9920862327562314,0.0,0.0,0.0,0.0,False,845.6725594996303,1.544400957611602,1440,2023-03-27,0.05,0.3780954004266554,3.128
439,5,298,825.4985548385106,10630.991300846517,10099.44173580416,10134.946686566422,0.9964967797206745,35.5049507622622,0.08173704808969631,0.18419863640877432,0.9549698570834042,0.0,0.0,0.0,0.0,False,2105.311715633174,3.1725004810278374,1440,2023-06-09,0.05,0.3559131190475791,3.102
440,5,241,857.772118820093,8944.308514722487,8497.093088986336,8511.75772289018,0.9982771321293126,14.664633903842548,0.10094889038369019,0.16336788617407585,0.959948518462658,0.0,0.0,0.0,0.0,False,1856.464070226576,2.619582515061876,1440,2023-02-24,0.05,0.37768739789629274,3.249
441,5,257,1011.3893988112502,9071.652937357869,8618.070290490004,8681.862262166831,0.9926522709356016,63.79197167682598,0.11735682870065624,0.22920363266745375,0.9543554645170225,0.0,0.0,0.0,0.0,False,1860.2065954408058,3.0123286609471975,1440,2023-06-19,0.05,0.44276607718289657,3.248
442,5,267,607.7725490400276,9596.4552200711,9116.632459067507,9135.454830790626,0.9979396349638029,18.82237172311887,0.06666634327629717,0.16645966589242567,0.9625112631342446,0.0,0.0,0.0,0.0,False,1738.6744425048905,2.655790474221778,1440,2023-05-19,0.05,0.3485301966933755,3.245
443,5,185,355.06394770255173,6446.920341661758,6124.5743245786525,6128.327128005312,0.9993876300418902,3.752803426658917,0.0579736531692721,0.1380166681052983,0.9814501198599247,0.0,0.0,0.0,0.0,False,1314.2406408190727,1.9580598967701723,1440,2023-12-17,0.05,0.4128552359121992,3.093
444,5,276,899.8642260281694,9357.968316222154,8890.069900411087,8913.753776838299,0.9973429963380015,23.68387642721243,0.1012212767850744,0.17520466904120402,0.9617975060677967,0.0,0.0,0.0,0.0,False,1918.693242254686,2.6852069993920065,1440,2023-02-24,0.05,0.5299890290136734,3.079
445,5,236,828.0430879155838,8238.206853342275,7826.296510675163,7840.57761202023,0.998178565145102,14.281101345068016,0.10580267266722172,0.14886018548339885,0.9774910611727463,0.0,0.0,0.0,0.0,False,1590.1799494409063,2.1114106234231307,1440,2023-01-05,0.05,0.5431222279838,2.997
446,5,236,744.044349633686,8511.416720374238,8085.845884355547,8100.439698995164,0.9981983922870968,14.593814639616024,0.09201812157627925,0.1610070225144585,0.9510036445454987,0.0,1.0416666666666667,28.485353871504177,0.0,False,1954.11139190197,3.6808284637786337,1483,2023-06-12,0.05,0.6141436417129027,3.012
447,5,188,1036.7218534655901,6596.150448430692,6266.342926009173,6299.913039476543,0.9946713370078265,33.57011346737025,0.16544288522138764,0.21172293981843765,0.9866474053872138,0.0,0.0,0.0,0.0,False,1262.7477267549189,1.8399032136595461,1440,2023-01-22,0.05,0.6461873801021307,3.021
448,5,182,436.37547620803895,6454.537067298969,6131.810213934013,6148.332925159398,0.9973126518315603,16.522711225386107,0.0711658484172281,0.1748584916513432,0.9843481238677491,0.0,0.0,0.0,0.0,False,1223.50207504194,1.828939694737478,1440,2023-11-19,0.05,0.5596612057538373,3.002
449,5,189,772.0220191677024,6805.287528865516,6465.023152422265,6474.299856073538,0.9985671495207981,9.276703651272797,0.11941519789893515,0.17569598938345024,0.987365714357738,0.0,0.0,0.0,0.0,False,1268.418186151564,1.823778461681245,1440,2023-11-29,0.05,0.5727991276602429,3.114
450,5,249,771.3094448560009,8182.922252856521,7773.776140213687,7797.055001932829,0.9970144032954273,23.278861719143514,0.09921940520849615,0.15767376959868595,0.9528149324690862,0.0,0.0,0.0,0.0,False,1520.7107375696355,2.935857694460988,1440,2023-09-04,0.05,0.5826821707055596,3.183
451,5,211,757.6391148346344,7836.695216653453,7444.860455820763,7466.47539143382,0.9971050683917266,21.614935613057376,0.10176673146939569,0.18550573775801305,0.964361752244146,0.0,0.0,0.0,0.0,False,1360.7206817269325,2.902269509357196,1440,2023-09-15,0.05,0.63235380018836,2.968
452,5,123,262.81056995189823,4472.948388149478,4249.30096874198,4261.180074129137,0.997212249850862,11.879105387157383,0.061847953789374494,0.1556620324405142,0.9975762386104368,0.0,0.0,0.0,0.0,False,883.3853900513955,1.509833494369171,1440,2023-02-19,0.05,0.6115854869361801,3.012
453,5,123,314.1479416114902,4082.012714609996,3877.9120788794944,3884.670756748234,0.9982601671307668,6.758677868739214,0.08100955751999975,0.15640451563527352,0.958327584654969,0.0,0.0,0.0,0.0,False,865.3883576288481,2.897356054829987,1440,2023-10-07,0.05,0.662843886410908,2.993
454,5,154,500.0214052365982,5400.241494669661,5130.229419936139,5148.911342650609,0.9963716752005962,18.681922714470943,0.09746570071379429,0.17965738660450684,0.9816105583080089,0.0,0.0,0.0,0.0,False,1139.2553903198934,2.273795694283525,1440,2023-05-08,0.05,0.704396917180456,3.022
455,5,209,722.7057127798814,7408.1295251130305,7037.7230488573805,7063.146556538975,0.9964005408243924,25.423507681595414,0.10269027464745396,0.1789092716036028,0.9510259580170976,0.0,1.0416666666666667,35.64962961020007,0.0,False,1371.7603482275847,3.4522664444163054,1485,2023-08-31,0.05,0.6875001563335559,3.042
456,5,228,818.2510178051773,8292.126681581582,7877.520347502518,7892.951265244288,0.9980449749120183,15.430917741769571,0.10387164763904352,0.17891576689088182,0.9684194640254524,0.0,0.0,0.0,0.0,False,1708.1604605640277,2.23505255137087,1440,2023-10-24,0.05,0.6766831370778443,3.058
457,5,295,167.3783354710807,10320.36322059229,9804.345059562627,9825.582119092578,0.9978385952839696,21.23705952995018,0.01707185278101049,0.17769916667666227,0.9672350887570589,0.0,0.0,0.0,0.0,False,1979.1934150198583,2.464587156471296,1440,2023-04-10,0.05,0.6690694436967173,3.079
458,5,261,377.727670944166,9252.688623699392,8790.054192514423,8829.774377276168,0.9955015628865934,39.72018476174344,0.04297216634521292,0.18804707599649748,0.9795175193022736,0.0,0.0,0.0,0.0,False,1579.9115764408764,2.073566604374862,1440,2023-03-12,0.05,0.6667700511292656,3.042
459,5,171,577.008192493809,6009.565852099904,5709.087559494882,5723.648765705582,0.9974559574133992,14.561206210700487,0.10106837326994167,0.1829869696451777,0.9669129917088671,0.0,0.0,0.0,0.0,False,1331.1834616271817,2.9625277218689443,1440,2023-06-18,0.05,0.6427627827718418,2.99
460,5,213,786.9359208003217,7846.643782391024,7454.311593271456,7470.064660025375,0.9978911739762819,15.753066753917878,0.10556788657863991,0.18525919597654303,0.9510087618615095,0.0,0.20833333333333334,1.5749466065555646,0.0,False,1371.4849008642823,3.6999335903560944,1446,2023-08-29,0.05,0.6355398535765475,3.048
461,5,255,961.5957290291846,9118.887768269591,8662.943379856051,8693.265136904787,0.9965120404622179,30.32175704873611,0.11100104050837777,0.1979531329950979,0.963692443866317,0.0,0.0,0.0,0.0,False,1940.3235797467778,2.595755058580851,1440,2023-04-17,0.05,0.6254996524924812,3.198
462,5,280,1255.62170318057,9918.176993861294,9422.268144168213,9461.116087811835,0.995893936478206,38.84794364362307,0.1332610878791133,0.22241597645274216,0.9666509802505571,0.0,0.0,0.0,0.0,False,1718.6742747979706,2.486477301188152,1440,2023-01-17,0.05,0.5896431735346523,4.342
463,5,200,160.51614612071904,6908.643378035038,6563.211209133284,6574.9286280710785,0.9982178637061141,11.717418937794571,0.024456952702870016,0.17627728583308236,0.9574039190313172,0.0,0.0,0.0,0.0,False,1701.9125475804135,2.912760272554627,1440,2023-10-06,0.05,0.5060189359389349,3.678
464,5,249,1199.516675801152,8793.431276732785,8353.759712896179,8380.149161155205,0.9968509572143,26.389448259025613,0.1435900381416752,0.19999929357131718,0.972017650056819,0.0,0.0,0.0,0.0,False,1574.8529247004813,2.3790037051665256,1440,2023-02-11,0.05,0.5418108009339584,2.953
465,5,157,563.7507732676576,5735.317186866404,5448.55132752309,5479.825161192959,0.9942929139616817,31.273833669869163,0.10346801184011944,0.20627446061536342,0.9899948466786573,0.0,0.0,0.0,0.0,False,1052.3387257102854,1.8714732366686635,1440,2023-04-24,0.05,0.5182559112272946,3.017
466,5,203,507.580199293958,7008.259799659592,6657.846809676592,6688.471981016476,0.9954212006229815,30.625171339884076,0.07623789098845517,0.20547850210264762,0.9510462059630218,0.0,0.06944444444444445,0.2598247261964836,0.0,False,1383.3607047973208,3.5788388137175757,1442,2023-05-29,0.05,0.48529290893429394,3.014
467,5,283,1198.624024105411,10030.15244532167,9528.644823055534,9627.939737462166,0.9896867951904313,99.29491440663041,0.1257916572989705,0.2664874118149926,0.9823608467498645,0.0,0.0,0.0,0.0,False,1520.832048469807,2.0789833896378784,1440,2023-11-29,0.05,0.4603996907227357,3.134
468,5,189,617.1016905077108,6855.910822316295,6513.115281200489,6533.293799836004,0.9969114325401958,20.178518635514063,0.09474754612265475,0.19747008397669608,0.9652468632914707,0.0,0.0,0.0,0.0,False,1295.7853278683592,2.968643301419328,1440,2023-09-05,0.05,0.3029411441955805,3.13
469,5,123,481.6110497431789,4539.035417422363,4312.083646551238,4330.000148642265,0.9958622398438843,17.91650209102602,0.1116887076456336,0.19263201669312935,0.9656675744626885,0.0,0.0,0.0,0.0,False,821.5829182738779,3.007581631414368,1440,2023-06-14,0.05,0.3289389240192738,3.181
470,5,262,883.8163280491563,8983.796806945005,8534.606966597741,8577.281752977246,0.995024672430203,42.67478637950555,0.10355676969170183,0.19795377340195316,0.9537126716024293,0.0,0.0,0.0,0.0,False,1304.067569044255,3.59400139356753,1440,2023-08-19,0.05,0.3607492950674189,3.246
471,5,174,678.1674975178622,6445.529915311945,6123.25341954631,6133.480322808618,0.9983326100804013,10.226903262309083,0.11075280591083385,0.2004154258772001,0.9928632211919276,0.0,0.0,0.0,0.0,False,1263.4565294366485,1.632678890844651,1440,2023-10-22,0.05,0.37459203847642486,3.1
472,5,199,816.2953236587625,7233.132263416981,6871.4756502461205,6915.833489510002,0.9935860457989388,44.35783926388182,0.11879476333871963,0.1959271865621661,0.9747396067832439,0.0,0.0,0.0,0.0,False,966.4367470403719,2.599167857951978,1440,2023-06-16,0.05,0.3802298264642263,3.224
473,5,300,1149.7645838967956,10767.306739604915,10228.941402624652,10290.819879202216,0.9939870217044008,61.878476577562466,0.11240308636451633,0.23459792546493502,0.9510019212995845,0.0,1.1805555555555556,69.18701750732433,0.0,False,1822.1100616171655,3.6552539576978753,1459,2023-08-20,0.05,0.39481782401943405,3.167
474,5,190,532.3919591194655,6864.222612619406,6521.011481988428,6541.0097506990705,0.9969426327932771,19.998268710642638,0.08164254281563159,0.1999436919861022,0.9866953301388098,0.0,0.0,0.0,0.0,False,1368.5613551400254,1.82905559607456,1440,2023-03-21,0.05,0.3196827002042618,3.111
475,5,167,660.0062661152673,5959.179747789358,5661.220760399876,5668.434895138534,0.9987273145282405,7.214134738657529,0.11658373591999763,0.1952667662103511,0.9881898553549483,0.0,0.0,0.0,0.0,False,1142.5150403803918,1.7596523268374789,1440,2023-03-04,0.05,0.3358167302062511,3.018
476,5,162,161.5136848719129,5718.156954421961,5432.249106700898,5444.4881289157165,0.9977520343648437,12.239022214818565,0.02973237819169214,0.1758525940803329,0.9847843573396874,0.0,0.0,0.0,0.0,False,1151.2353951882944,1.966097078254704,1440,2023-11-05,0.05,0.3592498526039774,3.085
477,5,273,230.41456983540508,9651.521272630944,9168.945208999368,9228.029717329082,0.9935972780604769,59.084508329714026,0.025129888398640658,0.2400197436555654,0.9678898787766771,0.0,0.0,0.0,0.0,False,1639.7100776940692,2.450400105244099,1440,2023-12-09,0.05,0.4219148995041819,3.136
478,5,158,595.1787015861714,5620.751379057673,5339.7138101047785,5378.230144701946,0.9928384740777392,38.516334597167344,0.11146265937696248,0.22763655288382004,0.9877850530292978,0.0,0.0,0.0,0.0,False,1015.0973111643764,1.9163941697093332,1440,2023-03-18,0.05,0.3288782207760557,3.101
479,5,229,780.5365360690815,8359.951675910464,7941.954092114951,7994.834255556137,0.9933857086024722,52.88016344118568,0.09828016216361983,0.21751379830239764,0.974233123629311,0.0,0.0,0.0,0.0,False,1691.8031331295283,2.112021708852727,1440,2023-04-22,0.05,0.2803100698472035,3.098
480,5,162,472.8432407937934,5908.055547549188,5612.652770171698,5621.937474523483,0.9983484867283103,9.284704351784734,0.08424594575076993,0.1854331373493591,0.9548572228792916,0.0,0.0,0.0,0.0,False,1236.937093821079,3.417959145131076,1440,2023-06-01,0.05,0.26284991926813117,3.062
481,5,265,833.9719165494712,9164.45265981291,8706.230026822193,8757.985974025116,0.9940904281696246,51.755947202923025,0.09579024606289596,0.20612090080051065,0.9585014179816871,0.0,0.0,0.0,0.0,False,1648.9116516951044,3.3058665101065507,1440,2023-08-04,0.05,0.3201875960340902,3.092
482,5,249,628.9384662970534,8684.884761187821,8250.64052312843,8275.025662206335,0.9970531645370869,24.38513907790503,0.07622904725202792,0.17781068309714562,0.9554212098792558,0.0,0.0,0.0,0.0,False,1629.0850298447958,3.376854013191501,1440,2023-05-25,0.05,0.32023861281429844,2.966
483,5,234,538.2614715233802,8729.44307817212,8292.970924263564,8327.251241054026,0.9958833574491596,34.280316790460816,0.06490574685949224,0.20183035487165032,0.9745427665306666,0.0,0.0,0.0,0.0,False,1592.4065361007563,2.2290842905680956,1440,2023-02-19,0.05,0.38367137103101073,3.121
484,5,197,343.54551785057123,7318.5514682423955,6952.623894830251,6977.050886017492,0.9964989518370584,24.42699118724244,0.04941235468037049,0.20009404778668027,0.973705258093592,0.0,0.0,0.0,0.0,False,1373.2919183723398,2.0862964616010062,1440,2023-01-03,0.05,0.3814827819568878,3.031
485,5,185,432.0063234792904,6418.14106196545,6097.234008867188,6121.367714138557,0.996057465194318,24.1337052713695,0.07085283636006506,0.19176209471728178,0.9889545572068155,0.0,0.0,0.0,0.0,False,1396.3187297510508,1.7926546650761712,1440,2023-10-17,0.05,0.38354708389518954,2.974
486,5,291,351.89107252527276,10482.569201425382,9958.440741354076,10023.154708742008,0.9935435529762412,64.71396738793025,0.03533596088632498,0.22765225098933206,0.963818424390504,0.0,0.0,0.0,0.0,False,1800.215635025455,2.4838202556861884,1440,2023-01-12,0.05,0.40394071746264354,3.019
487,5,257,1265.0140080489882,9132.726158476857,8676.089850553026,8723.432354417626,0.9945729499649727,47.342503864600374,0.14580462280117518,0.22304737036938427,0.9671455712241307,0.0,0.0,0.0,0.0,False,1849.4512632969913,2.525350795474168,1440,2023-02-03,0.05,0.33991466796862946,3.016
488,5,190,868.1643756597882,6590.052338561177,6260.549721633107,6281.481037751113,0.9966677737316708,20.93131611800569,0.13867222756172307,0.17866136175448893,0.9930884227774369,0.0,0.0,0.0,0.0,False,978.7804780196839,1.5852465292214533,1440,2023-02-04,0.05,0.2976721972188342,3.022
489,5,124,421.86756889976493,4480.591765296369,4256.562177031531,4280.804248251366,0.9943370287885186,24.242071219834905,0.09910992753169875,0.1995186021505598,1.0049570278990587,0.0,0.0,0.0,0.0,False,741.5324607922821,1.1825049262643152,1440,2023-01-06,0.05,0.3625943714840432,2.961
490,5,143,406.29935789913003,5086.593343098152,4832.263675943244,4853.1819297899,0.9956897857633865,20.918253846656228,0.08408054384983897,0.20460047928365652,0.960538328560881,0.0,0.0,0.0,0.0,False,1029.4478890362539,3.2104816535150866,1440,2023-06-01,0.05,0.36867025191732655,2.978
491,5,200,622.4591279379141,7207.174365674125,6846.815647390417,6872.425257248424,0.9962735702609503,25.609609858006994,0.0909122079510286,0.21414690040738926,0.9817336680657337,0.0,0.0,0.0,0.0,False,1364.0752998208277,1.9918508706874665,1440,2023-12-07,0.05,0.36212080260695767,2.91
492,5,203,724.6226644348135,7382.284699822202,7013.170464831117,7039.339252931921,0.996282493688608,26.168788100803294,0.10332312155658732,0.19242363608993912,0.9867442824685545,0.0,0.0,0.0,0.0,False,1279.1658293082523,1.6694686807013537,1440,2023-02-16,0.05,0.33517177166608103,3.043
493,5,187,434.112468859537,6479.623588940409,6155.642409493385,6183.096140024916,0.9955598732560835,27.453730531532102,0.07052269121254313,0.2180372859489635,0.9577575086439555,0.0,0.0,0.0,0.0,False,1191.692672840937,3.4100488116846854,1440,2023-05-29,0.05,0.36178254660727305,2.922
494,5,298,1000.6017650314942,10538.207243344914,10011.296881177645,10055.925851009553,0.9955619233382247,44.628969831911306,0.09994726726291947,0.18994398599217804,0.9589377287786791,0.0,0.0,0.0,0.0,False,1997.4259248201467,2.6776844165521507,1440,2023-05-05,0.05,0.3258192725729249,3.11
495,5,206,675.9444564476686,7245.961564275241,6883.663486061481,6905.386207713527,0.9968542350856813,21.722721652045212,0.09819545331005325,0.18323106288166122,0.9901599370212969,0.0,0.0,0.0,0.0,False,1358.2798814176497,1.7839113096857226,1440,2023-04-22,0.05,0.3593567139507654,2.974
496,5,263,905.9156455897435,9307.084153910375,8841.729946214844,8892.254722555088,0.9943181141435267,50.524776340241246,0.10245909466818393,0.20978511522994703,0.9510186810439821,0.0,0.3472222222222222,2.434413030953529,0.0,False,1664.185950325643,3.5276834448258256,1450,2023-07-06,0.05,0.40179354475209184,3.091
497,5,143,461.4888707509908,4859.645701634459,4616.663416552728,4631.487960441578,0.9967991833260781,14.824543888850496,0.09996155862182941,0.1859978524643337,0.9774883380781628,0.0,0.0,0.0,0.0,False,851.6968966712468,2.0543897091057475,1440,2023-09-15,0.05,0.37683483846542687,2.887
498,5,187,631.3606081467117,6951.0078157281405,6603.457424941737,6622.11042279701,0.9971832245818405,18.652997855271966,0.09561061236830526,0.1917990407622673,0.9627099317890673,0.0,0.0,0.0,0.0,False,1476.2498640405322,2.9393994776768775,1440,2023-09-05,0.05,0.40989995889722747,3.038
499,5,160,515.0551989831889,5561.591560370446,5283.511982351942,5305.7790464786185,0.9958032432312734,22.267064126677234,0.0974834921740659,0.20442405741029418,0.9685402762993508,0.0,0.0,0.0,0.0,False,1080.6110185104621,2.857259182263503,1440,2023-08-04,0.05,0.42399948894910067,3.018
500,5,145,756.0284332360919,4949.2364022916545,4701.774582177077,4716.210142719576,0.9969391608716199,14.435560542499374,0.16079640144849858,0.21857029918610166,0.9914281205245324,0.0,0.0,0.0,0.0,False,1072.7528165011965,1.5866341181247314,1440,2023-01-24,0.05,0.4072828734944254,2.987
501,5,221,281.5741690429306,7839.46087019499,7447.487826685222,7465.966070405135,0.9975250029874687,18.478243719913475,0.037807939481823295,0.2042596420420547,0.9874088247224887,0.0,0.0,0.0,0.0,False,1345.993984065249,1.827974383955204,1440,2023-11-23,0.05,0.3618593342646037,2.919
502,5,145,511.5119725931101,5439.80877112054,5167.818332564493,5195.960937576777,0.9945837535442658,28.142605012282708,0.09898025427284629,0.2130954720086688,0.9938163226122716,0.0,0.0,0.0,0.0,False,1005.0984664414165,1.7328059930781086,1440,2023-09-29,0.05,0.3567909664955468,3.387
503,5,190,634.7894416589536,6882.526727814354,6538.400391423622,6565.283632592007,0.9959052429913418,26.883241168385783,0.097086351960275,0.2124725581224431,0.9610365215417694,0.0,0.0,0.0,0.0,False,1200.772423540184,3.193080033270164,1440,2023-08-13,0.05,0.33264267275331694,4.605
504,5,244,1249.906286999194,9038.300046060369,8586.385043757358,8634.695559998148,0.9944050701145044,48.31051624079191,0.14556839468874336,0.22464458684971758,0.9666693996827773,0.0,0.0,0.0,0.0,False,1659.2157997482195,2.4205154369173147,1440,2023-02-12,0.05,0.3140708204031074,4.131
505,5,263,968.6569608668898,9051.614851819826,8599.034109228822,8651.916023702783,0.9938878377541939,52.88191447396338,0.11264718206284227,0.23258967446878642,0.9806902893723997,0.0,0.0,0.0,0.0,False,1704.5494532494013,2.073532268789959,1440,2023-10-22,0.05,0.27120264598044996,3.126
506,5,221,-9.658135257461003,7478.62176554673,7104.69067726941,7162.3088744343495,0.9919553599020833,57.61819716493942,-0.0013594026392114477,0.21895615311227037,0.957050985898249,0.0,0.0,0.0,0.0,False,1145.6649674051687,3.3867445257477753,1440,2023-07-01,0.05,0.21779942995693333,3.011
507,5,229,1019.5305152213155,7861.252459321274,7468.189836355186,7513.587435370817,0.993957932957309,45.397599015631165,0.1365164166366307,0.22031773576019675,0.9781244505209182,0.0,0.0,0.0,0.0,False,1389.0414422815018,1.8899008583755064,1440,2023-01-28,0.05,0.20412279646684178,3.072
508,5,173,499.9023619286522,6167.662874331625,5859.279730615051,5885.447414466076,0.9955538326981385,26.16768385102405,0.08531805698175418,0.2051578514196821,0.9869428657154692,0.0,0.0,0.0,0.0,False,1146.6279509944711,1.7790991117126331,1440,2023-12-08,0.05,0.1891701210613207,2.885
509,5,275,961.9001207877374,9874.991469321123,9381.241895855097,9437.586099847082,0.9940298076864276,56.34420399198555,0.10253441191114926,0.22413300851020723,0.9674043746869181,0.0,0.0,0.0,0.0,False,1729.6639466951442,2.280369095610412,1440,2023-09-22,0.05,0.21030183371505193,3.09
510,5,153,560.0573912261642,5381.627611623963,5112.546231042758,5134.611010753632,0.9957027358713907,22.064779710874475,0.10954568739653911,0.20925974474953965,0.965115548437735,0.0,0.0,0.0,0.0,False,1028.9658563457115,3.0470484474125,1440,2023-06-29,0.05,0.1842552078133713,3.041
511,5,252,736.2773388272188,8883.618826924823,8439.437885578585,8493.907237105364,0.9935872443616017,54.469351526779434,0.08724246197550414,0.22815738560941032,0.9546849165965086,0.0,0.0,0.0,0.0,False,1895.519136367905,2.920701822828498,1440,2023-10-05,0.05,0.19567610012801842,3.146
512,5,136,446.01174542205035,4892.573169386445,4647.9445109171065,4665.261942622893,0.9962880044210228,17.317431705786213,0.0959589221374,0.20861282196655995,0.9575644595873638,0.0,0.0,0.0,0.0,False,913.5974945057985,3.3786184006815265,1440,2023-08-18,0.05,0.16183013480755015,3.406
513,5,228,760.5910671436111,8211.235852845699,7800.674060203421,7839.5255773099125,0.9950441494547909,38.851517106491826,0.0975032492414863,0.20817335705378717,0.9628059790326032,0.0,0.0,0.0,0.0,False,1279.698960095071,3.0816426382369366,1440,2023-08-04,0.05,0.17732076146711837,3.051
514,5,165,476.96033977159317,5930.1631827363235,5633.6550235995055,5650.349584434534,0.9970453932830955,16.694560835028966,0.08466268129191365,0.19600045554126674,0.9627292288219244,0.0,0.0,0.0,0.0,False,1172.2679271687755,3.058003732389383,1440,2023-07-12,0.05,0.19027141775018366,3.053
515,5,172,594.293258693811,6045.30450427863,5743.039279064744,5765.643062337653,0.9960795729065225,22.60378327291021,0.10348061885284406,0.19277543887343762,0.9870678878369761,0.0,0.0,0.0,0.0,False,1110.2741906726033,1.8681504484838474,1440,2023-04-24,0.05,0.22761230332711752,3.187
516,5,182,681.3253422089424,6482.61159148464,6158.481011910431,6174.512325338936,0.9974036308320715,16.031313428504554,0.11063204398800078,0.20368293848988497,0.9892159407017512,0.0,0.0,0.0,0.0,False,1156.2609060268665,1.6406675119641554,1440,2023-03-06,0.05,0.26494127651421684,3.174
517,5,261,896.8662814954035,9268.463177292415,8805.040018427808,8841.171481311652,0.9959132720182818,36.13146288384341,0.10185828566575264,0.20738517373356982,0.9583748397820091,0.0,0.0,0.0,0.0,False,1566.8235466250885,2.755151924160211,1440,2023-09-15,0.05,0.27062380898321786,3.183
518,5,262,233.10691758976137,9289.41123636579,8824.940674547515,8854.20032126572,0.996695393637308,29.25964671820599,0.026414559166621655,0.20222506318605413,0.9716838782079226,0.0,0.0,0.0,0.0,False,2007.7212978307712,2.425047862126038,1440,2023-11-02,0.05,0.26665565873563346,3.224
519,5,165,845.1511689380011,6070.644807349414,5767.11256698198,5790.211999815514,0.9960106067214345,23.099432833533363,0.14654667463518609,0.21685234528711964,0.9880251086864946,0.0,0.0,0.0,0.0,False,1147.2259540374098,1.7506663167331191,1440,2023-02-03,0.05,0.2747221285827979,3.151
520,5,217,280.7631319506122,8120.372236700061,7714.353624865052,7744.686846522686,0.9960833507850283,30.333221657634805,0.036394900415979266,0.2136117144180922,0.9766541949238206,0.0,0.0,0.0,0.0,False,1266.0369925040266,2.1333653525520564,1440,2023-12-10,0.05,0.24815266657382917,3.071
521,5,133,382.5554141336896,4957.2344063333585,4709.372686016681,4721.663212113482,0.9973969922155249,12.290526096801962,0.08123277549674364,0.19845299799291194,0.9928144236287916,0.0,0.0,0.0,0.0,False,1098.2136746644974,1.5291584029170355,1440,2023-11-27,0.05,0.23334589915761003,2.951
522,5,281,1035.1104464804955,10349.812385707104,9832.321766421832,9849.352222171994,0.9982709060082322,17.03045575016435,0.10527629903401664,0.1780738480688245,0.9520151874358738,0.0,0.0,0.0,0.0,False,2312.5695097534917,2.916319289110513,1440,2023-04-20,0.05,0.25492701146038566,3.026
523,5,294,1303.0039241846757,9672.532547954583,9188.905920556845,9210.308709445068,0.9976762137336097,21.40278888821999,0.14180185709265747,0.18949360683141037,0.9674333378426215,0.0,0.0,0.0,0.0,False,2007.6663583184709,2.5058450297942985,1440,2023-01-27,0.05,0.31812233873215734,3.053
524,5,185,581.0825835546937,6727.172765455431,6390.814127182629,6417.09401549434,0.9959047057362325,26.27988831171129,0.0909246571705352,0.18436581248204273,0.9520113246650157,0.0,0.0,0.0,0.0,False,1524.7596240952985,3.4746956891762357,1440,2023-07-13,0.05,0.34408045093031525,2.986
525,5,217,498.64811620185867,7665.503253149396,7282.22809049195,7302.49130311005,0.9972251644299159,20.26321261809974,0.0684746632494139,0.19525117076724807,0.9700375097788612,0.0,0.0,0.0,0.0,False,1584.4987898402208,2.146260461269816,1440,2023-01-08,0.05,0.37690979763334825,3.058
526,5,217,581.1906852206881,7906.798154122357,7511.4582464162495,7537.903616661581,0.9964916810309332,26.445370245331944,0.07737388216169301,0.19024791442796304,0.9716687415976712,0.0,0.0,0.0,0.0,False,1572.243574131397,2.5935480538980342,1440,2023-08-12,0.05,0.37946292822996047,3.076
527,5,260,696.4064337537322,9200.430411649144,8740.40889106668,8766.093505254505,0.9970700045382326,25.6846141878233,0.07967664241263463,0.1953282145336709,0.9510016600804706,0.0,2.9166666666666665,152.52434337321213,0.0,False,1927.6116444700647,3.364952838248556,1495,2023-05-25,0.05,0.3930002009322792,3.073
528,5,132,144.60655946790015,4886.53042729981,4642.203905934817,4651.84407757383,0.9979276666461184,9.640171639012722,0.031150410968167116,0.16875980685980854,1.0006127881089077,0.0,0.0,0.0,0.0,False,738.0526852016995,1.2926694076786385,1440,2023-11-03,0.05,0.39288694813489333,3.275
529,5,215,902.4873423884383,7702.412373678706,7317.29175499476,7355.329360988901,0.9948285652310984,38.037605994139994,0.1233362523466969,0.2267140390233209,0.9725352774985783,0.0,0.0,0.0,0.0,False,1673.0232532491768,2.2147149829297894,1440,2023-03-08,0.05,0.4528088524364914,3.067
530,5,272,1151.0704384089677,9503.463733258568,9028.290546595625,9076.291822836065,0.9947113560055806,48.00127624043941,0.12749594538060272,0.2157227475719935,0.9592888987714171,0.0,0.0,0.0,0.0,False,1634.706677192506,2.9264926189008538,1440,2023-06-21,0.05,0.3719113631668767,3.087
531,5,230,802.4841368807969,8425.683141103347,8004.398984048157,8032.778705872535,0.9964670106244019,28.379721824378166,0.10025538937777279,0.21409161801223056,0.9712979799295265,0.0,0.0,0.0,0.0,False,1743.9477973168555,2.3063654519484507,1440,2023-04-27,0.05,0.3305880755655054,3.131
532,5,220,474.612108730286,7631.86653329651,7250.273206631714,7277.542338624104,0.9962529751496375,27.269131992389458,0.06546127231400957,0.19658609169823194,0.9784849828094893,0.0,0.0,0.0,0.0,False,1673.8299780716252,2.0758624569744906,1440,2023-03-22,0.05,0.3004133496152753,2.992
533,5,126,483.2126568991804,4542.196923433412,4315.087077261729,4330.570896053623,0.9964245317387589,15.483818791894072,0.11198213344186274,0.2071503730587626,0.9995889276241093,0.0,0.0,0.0,0.0,False,955.069367661205,1.4249577454017532,1440,2023-01-09,0.05,0.31495642216097675,2.919
534,5,287,860.0119709406787,9988.218088670958,9488.807184237337,9531.048400079046,0.9955680409889265,42.24121584170647,0.090634360488357,0.2020815999841258,0.9540716942903268,0.0,0.0,0.0,0.0,False,1909.4865250283617,3.246554621122892,1440,2023-07-11,0.05,0.3029919425514322,2.989
535,5,153,452.35119302234233,5340.190728817694,5073.181192376813,5082.838861836703,0.9980999457739252,9.657669459889837,0.08916519553885939,0.17962918092524294,0.9609638563576117,0.0,0.0,0.0,0.0,False,1216.1772406968046,3.188295200269311,1440,2023-07-13,0.05,0.3044675796287913,2.974
536,5,183,635.2323155771696,6472.579231395207,6148.9502698254255,6180.91490604727,0.9948284943721566,31.964636221844284,0.10330744073414086,0.21600695765356398,0.9514707442097836,0.0,0.0,0.0,0.0,False,1370.2210916092106,3.5681835655638756,1440,2023-08-31,0.05,0.3560619521739587,2.995
537,5,242,752.3663800511699,7910.564559047446,7515.036331095085,7545.625326191559,0.9959461285481143,30.588995096473425,0.10011480276390569,0.2070154440728203,0.9780119878086523,0.0,0.0,0.0,0.0,False,1570.499739028467,1.9964943285335102,1440,2023-11-08,0.05,0.3165059935251081,3.006
538,5,203,601.8296590604497,7173.1852261993645,6814.525964889401,6826.289653142085,0.998276708307086,11.76368825268402,0.08831570415334346,0.18542767041021632,0.95107411916813,0.0,0.06944444444444445,0.33725185431130916,0.0,False,1807.7449203836936,3.35242176446185,1442,2023-07-13,0.05,0.3042917842800228,3.088
539,5,223,127.49687777855732,7760.543223306897,7372.516062141585,7399.299153302485,0.9963803205403655,26.78309116090031,0.017293536793125917,0.1877408247870169,0.9746987701523576,0.0,0.0,0.0,0.0,False,1588.5584345496777,2.024113254329359,1440,2023-01-07,0.05,0.3427421354211724,2.98
540,5,226,663.6502020138141,8303.495058528079,7888.3203056016555,7910.767870270593,0.9971624038226051,22.44756466893935,0.08413073712822522,0.1982784962715454,0.9678497996779074,0.0,0.0,0.0,0.0,False,1824.5520793379847,2.5479442239851746,1440,2023-11-14,0.05,0.36902643546577996,3.045
541,5,148,96.08867499914511,5320.534573947316,5054.507845249933,5061.158021085348,0.9986860367118138,6.650175835415361,0.01901049082146469,0.17090471177723024,0.9925622471152777,0.0,0.0,0.0,0.0,False,1145.6332968807951,1.5858445538917707,1440,2023-11-01,0.05,0.36695707342192607,3.066
542,5,122,154.4000884220734,4284.142127728117,4069.93502134172,4089.0296726885495,0.9953302732248762,19.09465134682897,0.03793674533191267,0.18771709848814552,0.9955188331963332,0.0,0.0,0.0,0.0,False,916.7508816446269,1.392326353234059,1440,2023-03-12,0.05,0.42697867408547474,2.972
543,5,292,1531.3918306437895,10390.641946527321,9871.10984920094,9908.03724390344,0.996272985880708,36.92739470249989,0.15513876899746532,0.21594438637526425,0.9662069698505811,0.0,0.0,0.0,0.0,False,2030.7448386865358,2.4910185454134677,1440,2023-02-05,0.05,0.4386228489278928,3.091
544,5,266,404.83721852819315,9401.798299882368,8931.708384888258,8982.36389659712,0.9943605589472886,50.655511708862086,0.045325843733674244,0.22198694316055234,0.9858173134744409,0.0,0.0,0.0,0.0,False,1446.6637553852754,2.0608181468664384,1440,2023-12-16,0.05,0.3850409361314029,3.08
545,5,147,89.86876353386688,5279.130663739471,5015.174130552465,5040.137898863406,0.9950470068851547,24.963768310941564,0.017919370533195637,0.19958976221882346,0.9952066736835614,0.0,0.0,0.0,0.0,False,1075.7837991109873,1.4839411427517455,1440,2023-01-07,0.05,0.3277824338085495,3.159
546,5,241,564.6607381309313,8285.409471050794,7871.138997498279,7915.905103922307,0.9943447899088829,44.76610642402619,0.07173812307347134,0.21893393661249885,0.9628420821369109,0.0,0.0,0.0,0.0,False,2030.5990721247695,2.6994809276946183,1440,2023-10-27,0.05,0.3312699419111292,3.18
547,5,212,684.5517016939245,7696.128248483513,7311.321836059316,7340.196072212889,0.9960662854412188,28.8742361535725,0.09362899309366017,0.21442517762833152,0.9556341292514943,0.0,0.0,0.0,0.0,False,1349.613724377133,3.1551643759870975,1440,2023-08-09,0.05,0.29055606789648214,3.087
548,5,253,277.67320785187223,9067.002241552113,8613.652129474494,8662.599519239186,0.9943495725900774,48.94738976468972,0.03223640839890903,0.23340201444407968,0.9718394107900853,0.0,0.0,0.0,0.0,False,1577.8868616325067,2.2377455844380663,1440,2023-01-11,0.05,0.26718297956851594,3.145
549,5,146,412.51731936477717,5067.743752001387,4814.356564401329,4853.981993205633,0.9918365109595029,39.625428804303695,0.08568482908288165,0.23369315610940392,0.9642755352011814,0.0,0.0,0.0,0.0,False,1007.7565262511118,3.07760822233554,1440,2023-07-26,0.05,0.2050653671892932,3.045
550,5,246,109.54051105601658,8488.113916033235,8063.7082202315505,8080.910402143395,0.9978712569431185,17.202181911845376,0.013584384263952337,0.19704432996094795,0.9602744294809112,0.0,0.0,0.0,0.0,False,2063.7004625616296,2.6118143790332855,1440,2023-10-18,0.05,0.1530461078167314,3.005
551,5,249,917.4372815633997,8897.170037501377,8452.311535626322,8493.969766027885,0.9950955523095718,41.658230401562236,0.10854276699296045,0.22797623846463858,0.9736190579777875,0.0,0.0,0.0,0.0,False,1750.3775770321263,2.2898875653158464,1440,2023-11-16,0.05,0.1922059013472377,3.134
552,5,300,1692.266947076499,10985.79649457284,10436.506669844148,10528.343885092054,0.9912771451758955,91.837215247905,0.16214879179507777,0.2748015162664876,0.9579082831972867,0.0,0.0,0.0,0.0,False,1981.0062907497902,2.651806433941278,1440,2023-01-24,0.05,0.15408472554029146,3.126
553,5,170,832.4980172861056,6338.86277229231,6021.919633677701,6045.584582401905,0.9960855814021542,23.664948724204674,0.13824462429394513,0.21982498817236115,0.9923439291088233,0.0,0.0,0.0,0.0,False,1202.9658521913086,1.683619697063714,1440,2023-03-05,0.05,0.016832097917342248,3.044
554,5,197,327.2209761874216,6951.931786356652,6604.335197038823,6639.284085325101,0.9947360456583676,34.94888828627794,0.04954639133612377,0.22383567643935068,0.9846120732739445,0.0,0.0,0.0,0.0,False,1500.4842251100936,1.9725085311304325,1440,2023-10-20,0.05,0.02698710821744299,3.053
555,5,144,477.53435889995893,5193.669122708981,4933.98566657359,4960.112302664611,0.9947326523076936,26.126636091021755,0.09678470736855282,0.2217896836506708,0.9784832985915631,0.0,0.0,0.0,0.0,False,1133.1939214677932,2.4334129312687582,1440,2023-05-07,0.05,0.02509581844817904,2.973
556,5,122,449.72107417557305,4482.00648927657,4257.906164812756,4281.825574127045,0.9944137357068392,23.919409314287474,0.10562024073993415,0.21050557987115104,0.9524423076426645,0.0,0.0,0.0,0.0,False,719.3666249325127,3.6113433722503165,1440,2023-09-01,0.05,0.026994486585330074,3.047
557,5,128,343.0052397604785,4460.57809242613,4237.549187804827,4272.547978047176,0.991808450034458,34.99879024234932,0.08094424974407557,0.2362304475831225,0.9621557181584772,0.0,0.0,0.0,0.0,False,783.4973957398819,3.1992141827635656,1440,2023-05-26,0.05,0.052813170416436905,3.037
558,5,201,682.4487570911817,6880.110813289687,6536.105272625179,6584.100050392866,0.9927105029692216,47.99477776768683,0.10441214280153127,0.21317288980730906,0.9583304338703852,0.0,0.0,0.0,0.0,False,1476.789517826271,3.321468226326878,1440,2023-06-26,0.05,0.015061886135828956,3.082
559,5,151,493.1250403144018,5378.0359108255325,5109.134115284237,5139.989719142041,0.9939969522229015,30.855603857804844,0.09651831977539853,0.21601101242572587,0.9930365537014908,0.0,0.0,0.0,0.0,False,1068.5530650903906,1.6242343079046762,1440,2023-12-04,0.05,0.03492884132776672,3.015
560,5,254,938.0866800374192,8830.172191180647,8388.663581621582,8421.480243704895,0.9961032192520023,32.81666208331278,0.11182790570987246,0.2129999957011659,0.9776261680397589,0.0,0.0,0.0,0.0,False,1539.4495282203857,2.4515236911307037,1440,2023-04-02,0.05,0.043777985099513694,3.058
561,5,154,403.60454891860076,5268.016893174794,5004.616048516067,5019.363990919898,0.9970617906112188,14.747942403831606,0.08064645619283314,0.19125357162007325,0.96582407226926,0.0,0.0,0.0,0.0,False,1202.9290383458138,2.996987200005192,1440,2023-08-01,0.05,0.05683153712588487,3.057
562,5,233,904.0700453157806,8301.868631359204,7886.775199791234,7919.785380096686,0.9958319349930352,33.01018030545298,0.11463114167875758,0.21063051044493797,0.9621435906970097,0.0,0.0,0.0,0.0,False,1843.7549446692278,2.966241513904871,1440,2023-03-10,0.05,0.115553833144382,3.113
563,5,217,575.6751002461543,7740.145372064253,7353.138103461027,7377.651033798613,0.9966774071821387,24.512930337586162,0.07828971687274465,0.19703113126381466,0.9588998205612927,0.0,0.0,0.0,0.0,False,1585.938964694823,3.1398637113393857,1440,2023-05-31,0.05,0.11937087902223043,4.722
564,5,179,447.14669206327767,6106.392979720332,5801.073330734326,5810.304568884001,0.9984112299036593,9.231238149674331,0.07707999305822873,0.17926257397319906,0.9662174192521036,0.0,0.0,0.0,0.0,False,1571.1024783407472,2.9726157390079617,1440,2023-05-15,0.05,0.15249159335978968,3.828
565,5,201,537.4280376172203,7105.794771770613,6750.505033182093,6774.579414963811,0.9964463651088742,24.074381781719023,0.07961301191177458,0.19636112857816804,0.9690574819555487,0.0,0.0,0.0,0.0,False,1437.2745721002711,2.7925701717768154,1440,2023-10-04,0.05,0.2191158621705315,2.922
566,5,300,1322.4245650764055,11148.55608463111,10591.128280399495,10613.963476366422,0.9978485703274019,22.83519596692892,0.12486153788957073,0.1849274627644275,0.958955819297109,0.0,0.0,0.0,0.0,False,2222.6086004820545,2.743161900804265,1440,2023-03-14,0.05,0.23498040065928483,3.13
567,5,293,860.8319093252461,10303.488881005978,9788.314436955603,9827.160694643091,0.9960470517482569,38.84625768749015,0.08794485658073987,0.2161923209159419,0.9610440431919111,0.0,0.0,0.0,0.0,False,2019.856418324016,2.6436849775793587,1440,2023-04-12,0.05,0.2735797231022952,3.082
568,5,170,851.4554527270017,6715.28747575568,6379.523101967894,6397.323620995041,0.9972175053066367,17.80051902714623,0.1334669440203693,0.1993694858575793,0.9846706048519771,0.0,0.0,0.0,0.0,False,1439.1093287489457,1.8632382764939797,1440,2023-01-26,0.05,0.23486687707757484,3.06
569,5,292,756.4291532023757,10453.211539098616,9930.550962143723,9980.865561068998,0.9949588942344308,50.31459892527388,0.07617192198962183,0.20726697643863928,0.973706448417983,0.0,0.0,0.0,0.0,False,1752.5020581621036,2.1642106256177414,1440,2023-10-17,0.05,0.24093836309331726,3.022
570,5,159,517.9608385445054,5381.846411618419,5112.754091037501,5133.831817293532,0.9958943481192684,21.077726256031323,0.10130759847270468,0.18222449635762072,0.9655131911285607,0.0,0.0,0.0,0.0,False,872.831972718124,3.020708585777487,1440,2023-06-23,0.05,0.2280577238056473,3.075
571,5,264,920.9500924528807,10028.551983700832,9527.124384515802,9565.967090630938,0.995939489886686,38.8427061151348,0.09666611406372293,0.2059954927816424,0.9510007743048052,0.0,2.0833333333333335,62.93542146148436,0.0,False,1753.7344776631815,3.239630509291804,1502,2023-08-04,0.05,0.27373544373587105,3.079
572,5,182,516.8296408118971,6465.130877825883,6141.874333934571,6168.045184128692,0.9957570268354288,26.170850194120113,0.08414852090938317,0.20491538381311977,0.9878655546220169,0.0,0.0,0.0,0.0,False,1447.9885683764428,1.9549032391833854,1440,2023-11-07,0.05,0.25768165290812034,3.08
573,5,241,859.3754769804659,8504.743553704237,8079.506376019015,8127.400854216018,0.9941070363015061,47.8944781970031,0.10636484916098336,0.22858325009427344,0.9510008728921486,0.0,5.208333333333333,225.10302440312515,0.0,False,1919.6291775724012,3.8721665147464295,1581,2023-08-17,0.05,0.2469690907860135,3.139
574,5,237,383.34361724372894,8617.285572109022,8186.421293503545,8215.264260135407,0.9964891005671208,28.84296663186229,0.04682676391794506,0.19714202178849333,0.9710646433734139,0.0,0.0,0.0,0.0,False,1790.560127501723,2.3893469359524317,1440,2023-10-20,0.05,0.18490057276507635,2.971
575,5,272,1088.0851191738773,9886.484617812528,9392.160386921825,9443.8663251627,0.994524918453885,51.70593824087378,0.11585035543994633,0.2493907802537812,0.9704901269060917,0.0,0.0,0.0,0.0,False,1932.0304361210187,2.540627238134184,1440,2023-02-20,0.05,0.2045593595316182,2.987
576,5,189,895.2103150735907,6590.2702944863995,6260.756779762092,6299.960066312118,0.9937772166589344,39.20328655002631,0.14298755670678018,0.22068891185933476,0.9906119766979212,0.0,0.0,0.0,0.0,False,1076.6929919920271,1.4504382975710606,1440,2023-01-27,0.05,0.10286958130852925,3.124
577,5,289,1017.0659301270373,10496.628799079666,9971.797359125605,10018.92798331559,0.9952958416041645,47.13062418998521,0.10199424371537977,0.22314524750744297,0.9712963199985281,0.0,0.0,0.0,0.0,False,1603.161185467114,2.1451881228738023,1440,2023-03-27,0.05,0.08362742360487355,3.033
578,5,279,1089.6831808461982,10420.550593848931,9899.523064156525,9933.965258056942,0.9965328856095523,34.442193900417436,0.11007431103339149,0.19744898504427078,0.9510005709994395,0.0,1.0416666666666667,21.059618079634525,0.0,False,2218.2971150629646,3.072994558507396,1483,2023-03-18,0.05,0.06167249664073876,3.006
579,5,124,8.729660071395333,4308.5137103846455,4093.088024865425,4111.483096729986,0.9955259278873866,18.395071864561242,0.002132780926860803,0.17733119056879576,0.9992003177308741,0.0,0.0,0.0,0.0,False,623.7018527430547,1.2603139172247888,1440,2023-12-23,0.05,0.1007678832361962,2.928
580,5,138,394.9932518303204,4778.188728927614,4539.279292481224,4556.440618254649,0.9962336114499833,17.161325773425514,0.08701673247658052,0.19719912143522592,0.9661899850910857,0.0,0.0,0.0,0.0,False,1010.5626723337923,2.9507920174332147,1440,2023-07-12,0.05,0.1774367808301674,3.068
581,5,141,462.34909502241214,4869.016610320566,4625.5657798045195,4658.292006900734,0.9929746295320829,32.72622709621442,0.09995514430711468,0.22829602245032984,1.0004402826491492,0.0,0.0,0.0,0.0,False,763.1191143050221,1.1845733907762817,1440,2023-01-06,0.05,0.19520249492743674,3.053
582,5,236,912.5834459321857,8325.17382524217,7908.915133980034,7949.703616256592,0.9948691820166542,40.78848227655696,0.1153866782577224,0.21481411766613429,0.9741994847980808,0.0,0.0,0.0,0.0,False,1728.301271196195,2.2493698342886654,1440,2023-11-30,0.05,0.13958708284950705,2.971
583,5,185,464.7105064969093,6606.548043692282,6276.220641507651,6307.929368569907,0.9949731956067471,31.708727062257083,0.0740430480444802,0.17566264451770705,0.9636921901461166,0.0,0.0,0.0,0.0,False,1266.474213579561,3.0484481738090308,1440,2023-06-30,0.05,0.12401423782908687,3.005
584,5,147,656.191498798659,5489.8864161171605,5215.392095311318,5232.933389554647,0.9966479041605341,17.54129424332786,0.12581824852412932,0.2102652092879333,0.9994145859441332,0.0,0.0,0.0,0.0,False,842.081460721665,1.3565520051475108,1440,2023-03-07,0.05,0.19890607051340525,3.019
585,5,136,375.5918799957699,4721.978716226607,4485.879780415264,4510.661195812743,0.9945060348534969,24.781415397479005,0.08372758486207155,0.19492770201099582,0.990254085650435,0.0,0.0,0.0,0.0,False,714.2406038046504,1.8794413982364424,1440,2023-04-29,0.05,0.18218063370196552,3.062
586,5,285,962.2055975115112,10176.051265794416,9667.24870250462,9683.541102961306,0.9983175162594493,16.292400456687933,0.09953251717442835,0.20417315632265245,0.9510001863682581,0.0,2.1527777777777777,39.89267283571751,0.0,False,2066.642891677469,3.3224403155904882,1487,2023-06-18,0.05,0.2027964151615264,3.141
587,5,228,674.8689882115955,8127.336274339719,7720.969460622738,7738.966748741743,0.9976744585287266,17.997288119006146,0.08740728630691458,0.18535372419090843,0.95920423074085,0.0,0.0,0.0,0.0,False,1626.366371156474,3.184406512153279,1440,2023-06-08,0.05,0.19874038302739794,3.122
588,5,126,46.86561763174661,4649.296761719291,4416.831923633321,4432.390470325417,0.996489806844352,15.558546692096128,0.010610686220813804,0.1603211025438413,0.9987810952188386,0.0,0.0,0.0,0.0,False,916.6430793307907,1.3499101208617101,1440,2023-11-04,0.05,0.2376306218003866,3.168
589,5,167,550.476899928695,6222.701410065186,5911.566339561912,5926.166658701068,0.9975362962299215,14.60031913915425,0.09311862005924629,0.1932466409334541,0.9818177113724004,0.0,0.0,0.0,0.0,False,1186.1025943082604,1.9322981746092642,1440,2023-10-30,0.05,0.32579852531513315,3.131
590,5,238,884.731850067498,8460.625156012195,8037.593898211633,8055.408034999757,0.9977885494178913,17.814136788123868,0.11007421639756533,0.20305418340181527,0.9818163692328215,0.0,0.0,0.0,0.0,False,1479.99925596954,2.1934776434020327,1440,2023-10-22,0.05,0.32423433162310955,3.13
591,5,167,293.44227886555774,5675.965330619141,5392.167064088212,5412.133292826622,0.9963108394309369,19.966228738409377,0.054420101487559776,0.17786776836420773,0.9539613145183576,0.0,0.0,0.0,0.0,False,708.6322057843208,3.4909513199462983,1440,2023-07-29,0.05,0.3012536740690053,3.045
592,5,258,850.1480608446933,9296.254736265244,8831.441999452012,8864.03459255936,0.9963230521308315,32.59259310734738,0.09626378805380194,0.19529793224726932,0.9510006521723069,0.0,0.3472222222222222,1.395157487580082,0.0,False,1799.9299769151953,3.0003896086679367,1450,2023-05-12,0.05,0.3393858726902481,3.009
593,5,172,630.8173991404637,6346.939454367209,6029.592481648866,6054.736673544128,0.9958471865498084,25.14419189526368,0.10462023777898154,0.19880360503044628,0.9862218161718488,0.0,0.0,0.0,0.0,False,1235.8850973622411,1.7830493800778158,1440,2023-11-21,0.05,0.33178037443214337,2.974
594,5,234,405.41193540871285,8156.804744516877,7748.96450729105,7763.161683783362,0.9981712120562981,14.19717649231201,0.05231820781050916,0.18342667152331085,0.9689157079036659,0.0,0.0,0.0,0.0,False,1648.6839271077542,2.403862284100614,1440,2023-01-03,0.05,0.318043315451148,2.963
595,5,137,-8.165392544473816,5035.378925810028,4783.609979519507,4800.135136471801,0.9965573558905175,16.525156952294367,-0.0017069519838433806,0.17725617305525077,0.9603392887877795,0.0,0.0,0.0,0.0,False,748.3628039658863,3.2305595648655943,1440,2023-07-01,0.05,0.34171158840588406,2.996
596,5,266,876.1906188850276,9397.262170858821,8927.399062315892,8949.287659221349,0.9975541520466265,21.888596905457213,0.09814623640871853,0.17286052412973835,0.9556863286745997,0.0,0.0,0.0,0.0,False,1591.0725206653947,3.289585388913649,1440,2023-07-08,0.05,0.3753584947466426,3.111
597,5,254,683.3752044370677,9016.178529991399,8565.369603491774,8589.618733382476,0.9971769259331079,24.2491298907035,0.07978350451549479,0.1890447511339272,0.9510003215173586,0.0,1.8055555555555556,14.2698688112001,0.0,False,2128.4666678905487,3.0311451409957177,1500,2023-09-23,0.05,0.41330342124888986,3.07
598,5,217,986.2864457324313,7578.1374654727415,7199.230592199137,7211.808026926477,0.9982559942416132,12.577434727339236,0.1369988685736974,0.18244500581114514,0.9759322477795974,0.0,0.0,0.0,0.0,False,1646.0513413995116,2.3656913754201008,1440,2023-02-28,0.05,0.40860182548477575,3.143
599,5,237,739.9120603720766,8359.884018652017,7941.889817719436,7962.133609693997,0.9974574915510193,20.243791974560192,0.0931657423301482,0.1915584969445623,0.9510011413141537,0.0,2.5,113.4985035873965,0.0,False,1833.1258593480798,3.5433078645677005,1486,2023-06-12,0.05,0.4202377382930478,3.016
